$SPEC_ID:
No sample description was entered.
$SPEC_REM:
DET# 1
DETDESC# MCB 337
AP# Maestro Version 6.06
$DATE_MEA:
10/19/2021 16:13
$MEAS_TIM:
360 360
$DATA:
0 1023
0
0
0
0
0
0
0
0
0
0
0
0
0
9
43
32
31
37
26
38
26
20
25
26
28
20
25
15
25
14
13
14
17
18
15
12
22
21
18
17
21
16
23
18
17
17
13
11
15
15
14
15
23
12
13
15
17
14
10
17
12
8
8
14
13
7
13
9
14
5
9
10
7
15
11
15
12
8
11
6
10
12
7
12
9
8
7
11
8
8
12
8
9
9
10
11
14
14
8
12
14
7
13
9
8
5
8
14
8
10
7
11
10
12
6
4
8
14
13
8
7
6
10
4
8
7
10
8
10
6
11
3
10
8
6
3
12
12
10
11
8
14
7
7
5
4
15
12
4
8
5
7
6
8
14
8
6
9
6
11
9
7
7
7
7
7
8
7
8
17
9
10
6
10
13
7
11
6
8
8
5
6
13
6
7
9
10
3
8
8
12
10
10
11
13
12
11
9
8
9
11
9
8
8
5
7
10
11
5
9
6
7
6
7
10
13
9
3
6
12
12
9
6
10
7
6
10
7
6
8
6
10
12
9
5
6
13
8
9
11
6
8
10
7
7
11
10
7
11
8
6
11
8
8
7
8
6
5
5
7
7
9
5
6
6
5
14
4
6
7
5
6
10
6
9
8
11
6
9
4
6
7
5
10
10
10
11
9
13
8
6
5
14
13
6
7
2
7
7
14
12
9
9
17
13
9
5
5
15
7
11
9
7
8
8
8
6
8
7
7
5
9
3
8
8
13
6
8
5
5
8
9
5
13
12
7
10
8
10
8
4
6
13
7
4
7
7
9
10
10
6
9
7
12
13
8
8
11
4
8
5
9
7
7
11
5
6
14
8
4
9
5
6
10
10
12
10
8
6
12
6
14
11
7
5
8
11
3
11
13
8
14
12
8
9
9
6
16
12
5
12
3
11
8
12
12
9
8
7
9
9
8
13
11
5
11
11
14
16
14
15
6
14
8
7
3
7
16
10
13
7
7
10
12
13
7
8
9
12
6
15
10
13
11
9
16
15
8
13
11
6
11
9
7
7
8
5
9
12
9
11
9
3
13
10
14
4
8
14
10
11
17
17
12
12
7
6
12
10
6
9
10
14
16
12
2
17
13
10
11
11
10
12
9
13
11
7
8
17
11
12
9
15
13
8
12
15
5
13
15
8
15
9
11
11
12
9
14
9
15
13
11
11
16
11
15
16
14
9
16
13
14
11
16
11
13
9
10
12
12
9
10
13
5
14
13
9
11
15
9
10
10
9
14
10
8
13
14
11
13
10
8
11
7
11
12
9
17
11
11
17
14
9
7
15
15
8
11
15
16
10
11
23
15
12
7
8
12
9
13
5
11
11
16
12
10
12
14
11
9
11
14
10
8
18
8
14
8
13
11
12
18
11
11
7
10
10
13
12
7
12
15
13
8
12
9
9
17
8
15
9
19
9
8
13
7
8
8
15
6
12
8
11
8
7
16
10
23
6
9
10
11
12
14
11
17
10
7
19
13
14
12
10
10
11
16
7
15
15
13
16
12
10
13
15
9
12
16
11
12
11
7
8
10
16
14
16
17
14
10
10
9
7
7
10
8
16
13
20
15
8
15
10
15
13
14
10
11
11
12
16
10
17
7
11
6
14
13
9
10
11
15
10
10
11
14
11
10
11
12
6
10
8
9
14
14
12
9
5
9
13
12
14
8
16
13
19
13
11
11
9
17
17
13
10
12
13
7
16
18
21
14
12
8
12
13
9
13
10
21
12
13
14
15
14
16
12
22
12
11
15
19
11
12
10
11
13
8
17
18
16
20
20
10
11
13
15
14
13
10
15
14
20
16
18
21
11
14
21
15
12
26
12
11
10
11
14
15
8
17
13
25
17
18
14
18
14
20
18
15
19
24
26
20
17
16
17
16
18
17
25
26
27
22
26
24
32
25
28
36
32
27
31
35
36
45
37
37
42
43
47
61
30
44
31
43
58
42
37
48
50
55
48
46
67
43
60
55
35
34
51
46
40
39
30
39
40
35
37
28
25
44
29
43
25
31
27
35
34
28
19
36
25
24
21
18
15
17
24
24
26
16
13
18
14
12
17
10
15
20
13
16
4
11
16
11
15
14
20
7
7
20
8
15
17
20
24
38
59
81
119
183
286
395
503
527
451
370
282
169
91
46
18
8
5
0
0
2
2
1
1
0
0
0
0
2
1
0
1
0
3
0
3
1
1
0
1
0
1
2
1
2
1
2
0
3
0
0
2
1
2
1
1
1
0
0
0
3
0
0
0
3
6
4
5
5
3
6
5
2
6
7
4
1
3
2
1
3
1
3
5
2
2
2
$ROI:
0
$PRESETS:
None
0
0
$ENER_FIT:
0.000000 0.000000
$MCA_CAL:
3
0.000000E+000 0.000000E+000 0.000000E+000 
$SHAPE_CAL:
3
0.000000E+000 0.000000E+000 0.000000E+000
