$SPEC_ID:
No sample description was entered.
$SPEC_REM:
DET# 1
DETDESC# MCB 337
AP# Maestro Version 6.06
$DATE_MEA:
10/19/2021 15:49
$MEAS_TIM:
660 660
$DATA:
0 1023
0
0
0
0
0
0
0
0
0
0
0
0
0
3
15
10
18
16
19
5
13
12
14
9
11
7
14
10
13
5
9
9
8
8
10
8
9
6
1
6
7
4
9
9
4
4
3
3
8
5
5
4
7
2
9
4
2
8
7
4
4
5
4
3
5
4
7
4
6
4
4
6
5
3
1
1
5
5
4
4
5
5
5
5
5
5
2
2
3
4
4
1
4
3
4
3
0
5
6
1
7
3
3
3
1
2
4
4
4
4
2
1
4
4
7
5
6
1
2
1
2
2
2
3
4
3
4
2
2
2
4
5
6
3
4
1
2
1
2
3
3
0
5
2
3
4
1
3
1
2
2
3
2
4
5
1
5
1
4
0
1
0
2
3
2
2
1
0
2
5
2
1
5
1
2
6
5
1
4
2
2
6
4
7
1
3
4
4
1
4
1
3
5
3
5
0
3
2
3
8
0
4
3
3
2
5
1
9
2
4
3
3
2
2
3
1
0
7
3
1
2
2
2
2
2
4
5
5
4
1
5
4
2
0
2
3
4
1
1
3
4
5
5
3
1
2
1
3
3
2
3
5
2
3
5
2
1
2
1
1
4
5
1
3
2
1
2
4
1
2
1
2
1
4
4
4
4
2
1
3
3
0
1
4
0
4
2
1
1
2
2
1
1
1
4
1
3
0
1
3
6
0
5
1
1
2
2
3
1
0
1
3
3
3
1
4
2
0
1
2
2
1
3
3
4
3
5
5
2
5
1
3
3
3
0
3
0
3
1
0
2
2
2
4
0
1
1
3
3
3
2
2
3
3
1
4
1
3
1
3
0
5
4
3
2
3
0
2
3
0
1
1
1
2
4
1
2
4
1
3
2
2
2
3
2
4
2
3
4
4
3
4
2
2
3
1
1
1
2
1
0
5
0
3
2
5
1
1
0
5
1
2
2
3
2
4
4
4
5
1
1
4
0
1
0
2
1
0
3
3
4
1
2
1
1
3
2
5
0
2
3
2
1
1
0
3
0
1
2
2
3
2
0
4
0
3
5
1
3
1
1
1
1
2
1
0
1
0
2
1
2
3
1
2
2
1
2
0
2
2
2
3
4
2
2
0
3
2
1
4
2
1
4
2
2
1
5
3
1
0
2
0
2
1
2
1
2
1
3
5
1
2
3
3
4
2
0
4
1
1
0
3
2
1
1
2
3
0
1
2
3
1
4
3
3
2
0
1
2
1
2
2
2
1
2
2
0
0
2
1
1
1
4
4
2
1
1
2
1
3
2
3
3
3
1
6
1
2
4
0
1
3
2
5
1
0
1
0
2
2
2
4
1
0
3
2
1
3
5
2
0
1
5
3
2
1
4
2
2
3
3
3
0
2
3
3
1
0
2
2
3
1
3
2
5
3
2
3
2
1
2
0
2
0
1
4
3
2
1
1
3
0
2
0
7
3
5
3
5
2
3
5
4
6
6
3
6
5
2
3
5
3
3
7
4
5
2
5
1
0
1
1
6
1
3
3
2
2
3
2
0
2
2
5
4
3
3
4
5
1
4
6
2
0
4
5
6
2
7
7
6
9
4
6
4
3
6
4
2
3
1
2
4
3
4
2
3
1
3
8
3
4
7
10
6
4
6
5
9
4
6
2
5
6
7
3
6
3
5
3
5
2
4
7
6
7
12
3
6
11
6
4
8
7
7
6
6
4
10
5
4
5
6
5
12
7
8
8
4
10
7
13
8
11
9
7
7
6
9
8
6
6
11
10
10
8
11
9
10
11
2
12
9
11
14
13
14
13
6
12
17
17
22
18
22
26
24
28
35
34
41
35
50
44
46
59
45
46
43
48
54
37
41
38
39
36
39
33
24
23
24
12
17
17
10
26
9
18
6
5
18
9
4
6
7
8
12
4
5
11
9
2
9
7
8
3
4
4
7
2
10
7
5
3
5
3
6
1
1
1
0
1
5
2
5
2
4
1
3
1
2
2
1
1
4
3
3
3
5
1
3
3
2
0
2
1
3
3
0
2
3
5
5
0
2
2
0
2
5
2
1
2
2
1
2
4
4
2
1
2
0
1
1
2
2
0
1
1
3
2
2
2
1
1
2
1
4
1
3
0
2
1
0
1
1
1
4
2
3
1
0
1
2
4
4
4
1
0
3
2
3
1
2
4
6
2
4
1
0
1
2
1
1
2
2
1
2
2
0
0
1
0
0
2
1
2
3
2
3
0
0
0
2
0
1
2
1
1
0
1
1
0
0
1
4
4
3
0
4
6
2
9
5
10
11
9
4
7
5
6
7
4
8
7
4
5
7
4
5
5
5
4
3
6
$ROI:
0
$PRESETS:
None
0
0
$ENER_FIT:
0.000000 0.000000
$MCA_CAL:
3
0.000000E+000 0.000000E+000 0.000000E+000 
$SHAPE_CAL:
3
0.000000E+000 0.000000E+000 0.000000E+000
