$SPEC_ID:
No sample description was entered.
$SPEC_REM:
DET# 1
DETDESC# MCB 337
AP# Maestro Version 6.06
$DATE_MEA:
10/21/2021 13:52
$MEAS_TIM:
194 202
$DATA:
0 1023
0
0
0
0
0
1
0
0
0
0
0
0
0
0
0
0
0
0
0
0
0
0
0
0
0
0
0
0
0
0
0
0
0
0
0
0
0
0
0
0
0
1
9
119
279
321
308
293
278
293
292
272
310
289
342
319
317
339
344
370
391
366
368
340
342
331
352
326
353
306
343
336
329
327
347
315
320
341
335
329
352
357
387
382
363
350
377
411
417
412
402
477
496
522
501
598
642
671
823
813
888
965
1010
999
1070
1026
1044
1025
970
932
936
861
838
808
746
792
781
763
749
788
765
764
719
679
692
654
586
589
574
506
520
520
489
445
440
435
483
389
414
412
412
392
395
405
420
433
421
405
425
427
412
378
416
413
441
436
438
379
442
444
405
443
436
428
436
431
455
447
486
489
445
451
459
485
516
490
488
472
476
491
484
532
457
515
518
482
517
515
517
470
512
518
540
498
503
519
527
527
503
527
485
558
531
495
535
508
520
534
491
548
523
567
531
546
530
517
544
556
524
521
551
557
547
560
527
558
573
568
570
563
572
545
605
559
548
545
570
564
623
587
580
589
578
596
636
624
606
624
591
604
621
587
644
636
656
620
664
686
687
694
675
691
665
651
687
661
666
711
726
702
688
685
690
682
702
694
679
757
709
662
697
718
672
702
686
695
686
745
679
683
698
675
653
681
647
661
679
706
692
732
682
674
698
676
678
678
677
669
614
637
610
674
653
654
600
660
676
658
648
670
634
618
648
628
621
674
685
634
641
651
664
620
605
625
649
644
616
672
623
626
622
653
617
650
626
635
643
595
590
651
684
614
661
647
633
627
636
575
617
620
576
619
630
587
634
647
565
632
635
597
571
577
603
601
616
596
570
569
596
558
598
576
596
571
613
581
586
608
583
559
523
572
571
535
545
557
517
541
533
531
511
530
510
532
539
526
534
518
515
537
475
517
473
516
495
494
489
506
486
478
498
460
476
462
460
483
490
455
472
501
443
447
458
478
495
443
460
447
441
488
411
450
434
464
420
479
430
474
430
458
474
395
449
404
399
472
382
437
416
410
358
386
437
420
390
389
402
398
412
390
389
396
416
409
389
390
392
378
358
374
396
369
357
408
384
342
359
371
353
353
359
346
391
346
328
356
362
327
372
342
330
351
352
326
340
333
328
336
365
330
303
343
331
282
340
345
317
320
303
312
342
324
306
304
330
343
337
334
303
288
322
281
287
341
297
314
306
296
320
351
287
301
320
308
291
306
292
305
295
306
270
299
299
291
340
312
275
276
272
283
288
256
293
269
288
306
238
293
267
271
265
266
264
242
275
264
250
260
250
235
255
257
267
227
223
225
252
240
247
227
215
237
245
234
247
233
226
224
203
205
223
227
223
228
221
194
216
209
226
214
217
187
160
204
189
195
200
204
184
191
155
175
191
185
201
153
167
164
169
181
165
135
165
165
155
151
167
177
131
146
147
139
162
163
145
149
142
141
156
141
137
146
120
140
108
141
127
117
122
144
133
116
127
124
123
129
132
132
137
119
119
121
117
115
110
105
116
117
111
106
113
109
108
116
96
101
106
92
107
140
106
97
97
99
114
110
110
116
94
95
94
88
102
111
103
97
107
99
82
107
75
94
95
101
77
97
82
80
95
93
81
104
73
96
58
77
89
78
79
79
117
65
76
99
78
82
71
78
69
85
80
80
84
57
69
76
83
83
91
84
69
62
68
81
79
68
76
95
78
73
58
76
86
69
68
79
82
69
84
61
67
65
63
106
77
65
84
100
82
90
75
70
82
85
81
77
92
77
91
98
100
105
107
100
111
81
98
91
102
114
113
97
120
118
116
130
153
119
144
147
126
150
134
139
161
152
178
173
186
198
204
199
191
214
199
230
226
232
234
230
262
274
241
258
275
268
264
287
298
300
308
310
352
290
319
339
336
348
370
377
378
353
357
386
362
392
376
406
406
374
380
386
391
383
376
349
365
359
349
340
366
342
354
321
304
336
287
323
291
279
296
269
255
238
265
241
239
200
201
192
210
187
165
194
125
146
146
133
130
142
120
121
120
111
99
110
71
70
55
59
60
66
51
48
41
44
40
37
43
31
34
22
25
18
15
16
12
18
13
9
13
7
6
8
7
7
7
4
7
5
4
8
6
6
7
3
4
4
8
7
4
2
3
4
2
6
4
4
3
1
3
4
2
2
0
4
2
4
3
3
3
3
7
1
1
4
4
1
3
2
3
4
3
3
2
3
0
2
5
2
1
5
1
7
4
4
1
2
4
4
8
73
72
63
65
70
79
67
58
74
63
50
65
75
56
65
67
67
64
53
58
61
58
53
$ROI:
0
$PRESETS:
None
0
0
$ENER_FIT:
0.000000 0.000000
$MCA_CAL:
3
0.000000E+000 0.000000E+000 0.000000E+000 
$SHAPE_CAL:
3
0.000000E+000 0.000000E+000 0.000000E+000
