$SPEC_ID:
No sample description was entered.
$SPEC_REM:
DET# 1
DETDESC# MCB 337
AP# Maestro Version 6.06
$DATE_MEA:
10/21/2021 14:52
$MEAS_TIM:
300 315
$DATA:
0 1023
0
0
0
0
0
0
0
0
1
0
0
1
0
1
0
0
0
0
0
0
0
1
0
1
0
0
0
0
0
0
0
0
0
1
0
0
0
0
0
0
0
4
6
232
465
519
535
418
472
455
412
420
376
390
389
365
378
382
339
356
389
373
415
385
403
368
379
369
387
397
350
387
385
379
368
383
404
362
392
390
352
371
396
358
439
368
404
411
381
409
463
406
398
382
424
455
462
464
499
528
485
575
547
523
582
565
571
530
562
550
552
522
462
494
535
515
491
550
506
499
518
509
483
461
476
526
459
486
462
458
446
452
439
429
439
459
463
415
464
479
416
429
426
426
437
443
475
436
440
466
476
506
466
467
450
456
447
480
437
459
474
457
479
462
525
467
445
455
455
485
476
475
486
470
444
464
491
492
477
542
475
477
467
476
468
459
470
527
445
475
482
477
483
505
466
476
480
473
483
515
510
502
468
485
517
491
497
465
494
490
461
497
465
468
525
481
489
493
570
530
511
529
500
535
520
466
529
515
598
557
527
497
548
508
547
556
553
553
580
554
511
608
608
567
600
557
597
573
561
574
566
584
583
588
596
601
614
615
592
593
605
625
532
606
616
587
585
573
586
615
626
591
573
621
590
555
591
572
577
534
610
617
613
534
551
573
584
562
559
578
579
601
531
568
556
556
567
552
589
573
539
562
551
545
505
506
536
541
528
559
535
544
518
538
512
532
514
500
513
537
526
518
517
505
494
447
530
481
491
518
503
508
466
450
467
443
437
487
483
479
429
467
476
538
518
472
492
482
447
472
462
431
416
437
433
498
457
449
428
444
423
443
411
448
444
453
463
455
459
488
448
447
446
475
447
452
443
464
427
418
464
473
446
456
450
448
426
413
377
424
435
434
419
402
437
422
430
449
434
433
423
419
393
445
397
463
424
431
462
455
468
474
444
413
428
453
420
416
421
382
411
389
425
427
427
450
454
406
398
438
426
448
429
455
416
431
422
422
383
422
392
421
425
389
407
442
428
454
421
408
440
440
410
429
420
424
402
429
425
430
419
361
409
428
423
465
405
444
399
439
435
416
439
447
433
409
427
432
391
409
460
438
435
437
440
435
397
421
429
432
425
438
437
418
404
421
381
400
404
422
411
426
395
413
399
416
447
438
397
426
405
361
407
458
423
389
402
436
405
387
388
427
426
409
421
417
435
416
440
386
423
420
451
426
415
365
399
397
442
427
430
393
436
416
417
394
371
440
439
394
454
410
389
425
419
388
401
451
440
440
408
418
412
438
375
386
412
437
432
406
407
417
397
439
385
437
421
439
411
397
443
398
409
443
390
395
416
403
412
359
350
415
377
399
412
423
385
415
381
340
375
405
385
352
329
398
340
358
355
370
355
372
395
375
384
358
320
363
392
364
347
343
320
343
331
339
361
314
333
330
331
342
330
309
318
316
332
298
324
331
328
344
338
316
333
322
356
317
326
335
345
355
330
293
306
336
369
314
365
335
327
342
326
330
352
330
360
343
336
328
300
370
332
335
351
359
340
361
341
341
350
328
326
334
336
324
324
376
311
345
338
349
355
333
350
348
373
335
337
360
376
315
337
328
339
350
370
336
341
363
357
420
343
377
360
367
352
351
366
374
373
363
378
349
342
357
355
369
386
344
353
387
381
361
344
367
386
359
373
366
395
404
410
390
407
370
372
379
355
398
411
364
411
369
364
371
359
364
364
398
378
401
397
395
397
372
358
420
399
417
395
398
426
385
397
391
416
396
424
414
436
442
393
429
415
413
425
442
447
419
416
451
451
428
474
463
451
474
478
451
480
475
481
447
485
468
495
549
508
526
512
524
547
568
588
582
558
578
692
679
663
622
675
698
722
732
733
718
720
770
828
796
817
858
861
870
908
907
904
988
937
938
1038
985
1052
1060
1102
1064
1111
1111
1071
1170
1098
1191
1077
1160
1133
1176
1171
1131
1154
1140
1112
1124
1088
1100
1035
1063
1078
1071
1054
1000
984
1001
879
954
920
884
892
839
794
770
720
759
727
694
634
656
600
571
557
516
487
470
406
397
407
381
359
331
315
304
282
271
269
241
219
214
178
173
141
140
118
135
101
116
93
88
79
68
56
75
46
44
47
46
34
35
21
19
25
26
27
22
23
14
14
12
16
9
13
9
10
9
13
7
6
7
8
7
7
4
9
4
9
4
3
9
7
4
7
4
6
7
4
5
6
4
4
4
4
9
5
3
3
3
4
6
6
3
4
5
7
5
5
3
1
8
5
7
7
2
7
1
2
5
2
2
3
5
15
124
97
112
130
90
95
127
95
101
127
112
108
107
109
90
118
117
98
88
91
83
98
98
$ROI:
0
$PRESETS:
None
0
0
$ENER_FIT:
0.000000 0.000000
$MCA_CAL:
3
0.000000E+000 0.000000E+000 0.000000E+000 
$SHAPE_CAL:
3
0.000000E+000 0.000000E+000 0.000000E+000
