$SPEC_ID:
No sample description was entered.
$SPEC_REM:
DET# 1
DETDESC# MCB 337
AP# Maestro Version 6.06
$DATE_MEA:
10/28/2021 14:43
$MEAS_TIM:
2847 2848
$DATA:
0 1023
0
0
0
0
0
0
0
0
0
0
0
0
0
0
0
0
0
0
0
0
0
0
0
0
0
0
0
0
0
0
0
0
0
0
0
0
0
0
0
0
0
0
0
0
10
21
16
22
15
15
19
18
11
14
20
13
20
15
12
12
17
19
14
17
9
16
6
13
19
15
8
20
15
13
6
20
17
8
22
15
19
10
17
17
10
15
15
12
6
9
13
16
5
22
17
11
14
10
13
10
16
9
8
14
8
10
7
11
10
12
12
9
6
15
7
16
8
5
10
9
11
16
5
13
2
4
6
12
9
11
12
8
13
13
10
11
10
10
4
7
8
7
10
7
10
8
9
15
9
9
9
13
13
13
12
12
10
10
8
10
7
5
6
10
10
12
11
10
8
11
7
10
6
13
6
5
8
13
8
15
12
12
10
6
7
6
8
7
8
10
6
8
13
11
9
12
10
7
5
5
7
15
10
9
8
7
9
9
8
10
10
4
9
10
7
14
9
7
7
6
12
10
9
7
13
11
10
9
10
6
9
10
8
7
7
10
13
12
12
6
8
7
9
5
10
8
9
5
16
13
5
7
7
7
7
10
6
11
12
14
4
6
10
5
11
6
12
11
4
7
9
8
4
6
4
8
7
13
8
8
2
9
7
6
8
8
11
14
9
5
5
16
16
3
8
7
9
10
6
2
7
12
8
10
10
7
5
10
10
11
3
5
4
6
7
5
6
3
9
11
6
5
6
10
10
5
3
11
10
7
10
13
8
9
5
10
3
5
4
5
6
1
9
13
8
11
6
4
6
6
5
10
6
6
5
8
4
10
10
6
2
5
4
6
10
4
13
6
11
2
7
4
7
5
7
7
14
7
9
6
5
5
9
4
11
6
4
6
8
7
14
7
9
7
9
8
9
9
8
8
1
3
6
9
7
5
5
5
4
4
13
9
4
11
9
13
9
11
9
14
9
6
8
3
7
8
9
7
9
8
9
10
9
7
12
11
8
11
5
5
7
7
7
6
6
8
4
8
4
8
4
9
15
8
4
5
5
7
3
6
4
9
8
3
6
10
13
6
2
6
2
5
6
6
5
4
4
3
6
8
10
9
6
9
5
5
9
7
8
6
7
11
7
10
4
11
8
5
8
7
4
4
11
5
5
3
10
6
9
7
5
10
5
1
6
7
6
6
6
10
8
9
11
9
10
3
4
11
8
9
7
8
9
7
10
5
5
7
6
5
0
7
7
8
12
11
8
6
8
8
12
5
5
11
10
2
4
9
9
2
8
4
11
9
9
3
6
9
5
4
7
7
10
6
8
9
6
10
6
10
5
4
5
6
7
5
9
8
8
6
5
6
8
10
15
12
6
7
7
5
13
4
8
5
7
5
6
11
9
11
8
12
5
6
7
7
5
9
6
1
6
7
8
6
8
5
3
7
5
4
8
7
9
4
11
4
4
7
4
10
8
4
9
14
10
5
8
7
11
3
9
9
7
11
4
7
2
7
3
6
5
7
3
7
6
9
7
11
7
9
9
8
11
8
9
3
9
4
6
6
5
11
2
6
4
7
7
7
8
11
2
1
7
8
4
5
4
4
5
10
4
6
5
4
10
6
12
9
4
5
4
7
3
9
5
5
5
7
8
8
7
5
8
4
3
5
4
10
6
4
7
5
6
12
11
8
4
6
8
6
5
5
5
5
6
5
5
11
5
6
5
6
6
6
7
12
4
7
5
10
11
9
8
9
5
4
9
11
8
6
5
7
11
4
16
9
6
7
7
5
8
5
11
3
7
5
9
5
11
17
9
6
11
5
7
10
6
14
2
13
7
6
10
6
7
9
9
8
2
8
3
6
10
6
1
6
8
11
10
5
8
11
8
15
5
13
7
2
8
14
11
7
10
8
4
1
8
6
10
4
4
11
6
7
7
7
7
9
9
8
7
5
10
9
11
5
10
3
7
4
7
4
8
7
6
9
8
11
7
4
5
3
12
11
2
11
6
9
9
7
6
13
9
4
7
14
5
9
4
9
11
7
3
10
9
4
8
6
7
11
9
11
8
8
4
7
10
5
7
8
5
13
7
5
5
5
4
3
13
9
8
2
11
5
10
11
9
4
5
7
5
10
11
8
8
5
8
6
7
9
14
10
12
8
11
10
14
9
12
9
7
7
9
4
8
6
8
8
6
7
9
1
7
7
5
6
5
4
2
4
8
6
6
5
5
8
6
7
1
6
11
10
8
8
13
6
5
8
8
5
5
12
10
8
8
7
4
12
5
7
8
31
35
20
24
26
22
38
27
27
19
28
21
26
28
23
20
17
19
18
18
6
18
13
$ROI:
0
$PRESETS:
None
0
0
$ENER_FIT:
0.000000 0.000000
$MCA_CAL:
3
0.000000E+000 0.000000E+000 0.000000E+000 
$SHAPE_CAL:
3
0.000000E+000 0.000000E+000 0.000000E+000
