$SPEC_ID:
No sample description was entered.
$SPEC_REM:
DET# 1
DETDESC# MCB 337
AP# Maestro Version 6.06
$DATE_MEA:
10/26/2021 13:39
$MEAS_TIM:
7004 7005
$DATA:
0 1023
0
0
0
0
0
0
0
0
0
0
0
0
0
0
0
0
0
0
0
0
0
0
0
0
0
0
0
0
0
0
0
0
0
0
0
0
0
0
0
0
0
0
0
0
27
47
36
36
34
33
32
34
35
34
37
31
38
39
33
35
44
36
36
36
29
29
40
31
28
28
21
25
25
37
32
30
29
61
41
35
36
31
34
25
27
31
25
34
25
30
16
29
30
21
26
27
17
18
29
26
26
19
24
21
19
26
31
18
18
33
21
24
16
18
23
20
29
29
27
20
22
21
19
26
17
23
30
20
22
19
16
17
28
26
23
17
18
19
24
13
23
16
21
21
22
21
22
25
20
23
15
15
15
24
29
26
20
9
28
16
19
21
23
16
27
13
19
17
18
24
16
24
13
15
19
22
22
15
16
17
16
21
27
20
23
24
20
29
21
21
18
24
20
16
17
22
22
18
16
21
21
15
20
20
20
21
15
14
16
17
15
15
16
16
16
15
10
23
21
8
14
15
17
16
17
15
15
11
14
17
16
21
14
19
24
15
15
15
10
19
18
15
17
14
18
21
19
24
17
21
21
21
12
13
16
16
15
14
10
25
18
13
17
18
21
18
15
17
19
22
11
29
15
10
13
13
19
15
13
13
18
19
10
17
10
13
13
8
15
17
17
14
18
9
24
21
14
21
26
19
15
14
19
15
15
22
13
10
11
16
14
14
20
13
14
15
11
10
15
13
8
20
14
10
16
17
17
16
12
15
17
19
18
12
15
17
14
16
15
15
14
15
14
15
10
17
12
16
15
18
16
12
13
18
18
15
22
19
14
16
11
22
20
18
19
14
14
10
15
20
17
8
15
13
19
16
8
17
16
15
12
11
16
15
19
15
19
9
13
11
15
18
20
20
17
19
15
17
10
9
15
21
16
17
17
19
11
12
17
16
11
13
10
12
10
15
9
16
15
15
14
13
18
16
13
15
13
15
16
16
16
17
12
9
11
10
14
14
18
11
16
11
7
13
14
18
15
13
13
8
15
12
18
13
15
11
13
17
12
16
12
20
10
16
11
10
14
16
10
14
9
10
15
15
20
14
22
14
20
14
10
10
8
15
11
13
15
12
17
9
9
11
9
12
11
19
14
18
10
11
21
10
17
13
11
20
15
14
12
17
10
23
5
11
10
17
14
8
11
14
14
15
11
17
9
15
16
9
13
17
12
12
14
13
15
3
17
14
14
17
11
14
11
20
10
11
10
13
13
14
17
13
16
20
13
12
19
13
10
14
13
14
14
11
13
11
8
22
14
21
10
15
9
18
10
16
16
16
16
15
14
16
13
14
10
13
14
15
11
14
12
15
14
9
16
10
19
10
12
16
22
13
19
14
14
15
18
15
15
8
17
11
11
12
16
17
18
14
9
12
17
15
17
11
21
11
10
15
22
14
6
11
17
12
16
12
14
9
12
20
10
13
15
13
13
10
17
14
15
9
15
15
18
12
10
15
13
14
21
12
13
13
14
14
21
17
15
18
18
7
7
15
9
10
14
14
12
15
10
19
14
18
17
13
13
16
13
11
10
16
13
16
14
15
16
8
15
11
9
15
13
14
12
13
15
12
13
14
15
12
16
12
13
14
20
17
11
10
17
10
14
23
13
12
12
13
13
20
14
15
19
19
13
10
10
14
17
10
11
13
20
17
16
13
12
8
5
8
12
18
15
11
13
12
11
13
16
14
7
14
16
14
14
14
15
11
15
8
17
14
11
17
16
14
16
15
12
15
16
16
9
14
11
15
10
16
10
11
17
18
14
16
16
17
13
14
11
8
11
17
12
13
20
15
12
19
10
19
19
16
14
15
18
23
24
13
18
15
7
18
9
14
19
15
20
17
14
18
15
23
13
17
19
15
14
19
11
16
8
14
6
8
11
6
13
21
12
12
15
18
13
15
9
14
16
19
17
19
13
14
17
16
9
13
12
12
11
19
19
10
13
18
9
8
17
13
24
9
14
21
23
20
10
15
19
23
17
12
9
9
19
17
13
19
19
16
13
22
12
14
22
13
12
16
15
19
10
18
19
14
12
13
15
13
16
11
17
13
19
20
12
21
15
13
21
10
10
12
21
20
12
18
15
19
16
19
13
17
11
13
18
14
10
19
22
11
9
18
21
18
12
14
14
21
16
14
21
17
11
12
14
12
15
14
18
11
18
12
13
11
12
20
18
13
14
13
15
10
15
14
14
14
14
12
15
10
15
15
22
15
10
16
18
20
19
16
15
23
20
16
20
57
63
63
49
57
59
65
51
61
56
58
37
53
44
42
39
43
44
45
29
39
51
35
$ROI:
0
$PRESETS:
None
0
0
$ENER_FIT:
0.000000 0.000000
$MCA_CAL:
3
0.000000E+000 0.000000E+000 0.000000E+000 
$SHAPE_CAL:
3
0.000000E+000 0.000000E+000 0.000000E+000
