$SPEC_ID:
No sample description was entered.
$SPEC_REM:
DET# 1
DETDESC# MCB 337
AP# Maestro Version 6.06
$DATE_MEA:
10/21/2021 14:18
$MEAS_TIM:
539 540
$DATA:
0 1023
0
0
0
0
0
0
0
0
0
0
0
0
0
0
0
0
0
0
0
0
0
0
0
0
0
0
0
0
0
0
0
0
0
0
0
0
0
0
0
0
0
0
0
19
53
70
67
66
48
68
71
59
77
63
66
72
73
57
85
73
82
86
89
79
89
88
78
83
73
86
72
89
61
82
77
72
73
103
77
94
81
92
94
90
113
105
109
99
116
123
107
126
116
136
116
164
151
181
200
191
206
242
241
261
244
258
239
214
238
208
191
212
202
157
191
167
177
191
162
187
188
178
165
157
159
153
146
175
153
154
150
161
156
164
159
140
166
152
157
169
142
162
164
175
195
125
174
147
178
163
156
153
191
176
177
157
169
145
144
165
157
151
191
148
162
170
180
152
171
154
168
174
150
147
151
182
148
137
155
174
144
148
143
165
169
132
143
166
136
145
148
153
148
153
157
148
141
160
149
160
158
152
128
141
153
147
154
186
147
150
158
147
151
157
157
146
167
160
143
155
156
143
149
131
153
143
167
135
145
154
134
150
113
144
150
161
127
137
130
133
146
144
142
143
141
147
142
149
137
135
141
137
139
146
139
146
126
136
135
144
143
121
145
141
135
142
143
127
128
140
138
128
136
149
149
127
144
147
126
147
152
129
138
127
160
145
135
118
157
150
128
142
133
143
144
124
144
148
126
133
121
126
151
131
134
133
134
136
130
122
137
128
143
135
104
135
106
136
124
117
123
129
104
131
122
111
106
104
116
96
121
130
100
86
100
128
116
110
113
106
96
113
102
94
96
107
100
99
119
110
109
120
102
96
104
95
99
115
110
102
88
88
94
121
100
97
120
76
98
99
89
115
101
118
93
97
92
97
108
97
108
120
99
108
99
90
90
97
87
91
90
82
104
84
105
86
99
85
83
77
89
92
95
90
85
74
83
83
82
94
88
76
74
87
80
83
79
85
89
80
65
112
84
69
78
94
96
79
77
92
71
80
88
93
76
78
97
81
75
68
70
88
75
63
67
78
71
91
75
89
74
79
61
72
72
85
79
74
68
85
75
77
65
87
71
57
69
69
78
87
75
75
54
75
75
60
74
65
75
64
58
72
72
53
64
74
59
54
66
81
64
59
61
67
82
79
79
69
79
58
70
64
71
72
62
70
57
88
77
85
68
64
42
69
63
51
91
65
58
75
87
52
62
66
58
83
56
67
56
63
50
64
55
57
55
56
68
70
57
62
63
63
66
64
58
61
56
50
61
68
63
43
59
71
51
53
57
61
75
52
59
62
56
46
63
54
59
57
53
58
49
44
58
60
43
60
63
58
52
66
45
54
55
55
46
53
46
51
53
46
34
50
50
45
34
42
52
40
54
33
34
59
47
57
61
37
36
42
54
48
48
47
39
45
48
45
40
45
49
40
45
51
48
43
39
50
44
40
45
41
45
38
46
34
32
57
39
38
47
32
52
40
48
34
38
31
32
46
36
49
36
37
46
36
32
43
37
48
43
35
34
41
39
41
41
34
43
48
47
31
43
38
42
36
30
48
43
44
37
45
49
32
39
38
39
39
45
44
37
37
34
50
35
33
38
43
26
40
41
27
38
27
35
32
31
26
43
47
37
32
35
36
36
32
45
34
41
35
34
34
38
24
28
41
33
30
27
31
34
34
41
42
38
42
23
30
37
31
37
38
34
39
32
31
45
27
29
34
27
40
32
29
37
42
25
54
44
37
41
39
37
41
31
37
41
46
32
25
38
40
46
30
38
45
29
30
34
37
43
32
38
40
42
48
43
34
34
40
43
39
34
30
34
34
42
36
32
35
38
33
41
42
39
37
48
31
41
34
48
49
36
49
55
42
32
38
42
51
61
37
56
42
54
52
51
41
52
64
49
47
55
58
47
67
62
62
61
59
64
50
55
68
41
65
60
51
70
54
60
80
48
71
64
51
40
43
41
42
61
59
41
41
51
51
58
47
35
47
54
30
32
40
38
36
34
29
36
31
34
19
22
43
22
20
17
21
20
14
14
16
14
18
21
12
6
13
12
9
12
12
11
13
8
9
8
9
13
6
8
8
6
10
4
2
4
9
7
6
6
9
1
6
6
5
9
10
6
4
8
3
6
5
5
5
7
9
7
5
7
8
2
4
6
11
8
7
6
3
5
8
6
4
4
3
10
2
9
2
5
4
3
3
6
9
6
6
3
5
12
2
4
9
6
4
5
6
5
10
2
5
4
4
8
6
3
1
5
4
2
2
3
6
5
8
7
4
4
8
10
6
21
187
159
181
194
141
158
156
154
183
173
168
166
168
161
158
167
171
154
176
151
151
190
150
$ROI:
0
$PRESETS:
None
0
0
$ENER_FIT:
0.000000 0.000000
$MCA_CAL:
3
0.000000E+000 0.000000E+000 0.000000E+000 
$SHAPE_CAL:
3
0.000000E+000 0.000000E+000 0.000000E+000
