$SPEC_ID:
No sample description was entered.
$SPEC_REM:
DET# 1
DETDESC# MCB 337
AP# Maestro Version 6.06
$DATE_MEA:
10/21/2021 14:30
$MEAS_TIM:
1019 1021
$DATA:
0 1023
0
0
0
1
0
0
0
0
0
0
0
0
0
0
0
0
0
0
0
0
0
0
0
0
0
0
0
0
0
0
0
0
0
0
0
0
0
0
0
0
0
1
1
28
39
45
56
53
50
60
71
50
56
54
71
63
65
71
60
62
78
69
77
63
76
76
71
73
71
75
72
65
66
88
80
81
89
81
84
69
96
99
109
107
110
120
118
114
98
121
117
142
167
140
145
144
154
154
191
204
206
245
217
206
232
262
266
243
279
226
275
195
238
220
228
220
205
189
197
185
202
231
218
195
206
180
196
237
204
193
215
212
201
221
211
218
206
222
213
209
215
220
249
206
225
214
228
205
214
191
197
200
205
223
202
225
218
233
228
208
194
184
193
208
177
200
176
173
188
160
193
178
172
179
213
184
192
146
167
165
187
196
195
210
184
165
179
182
167
164
168
175
184
172
190
179
165
166
186
166
181
149
185
190
170
177
152
165
171
175
171
163
168
163
180
179
138
149
164
156
168
150
156
155
160
164
186
160
158
148
173
158
144
161
149
146
173
164
168
149
167
146
179
134
169
137
156
153
149
153
155
165
151
166
159
127
150
149
134
174
150
142
122
168
139
162
155
133
166
145
165
171
137
142
124
156
152
154
137
161
157
154
148
154
142
132
134
159
140
146
147
135
147
126
131
145
161
124
122
142
145
112
158
126
129
136
140
137
116
143
129
111
123
137
119
125
146
131
133
104
128
115
120
116
126
117
122
122
132
113
107
132
90
102
98
111
95
105
85
87
99
85
94
92
87
83
95
81
74
73
81
82
78
83
88
84
83
81
84
81
85
69
92
80
61
68
58
80
66
85
77
58
77
85
62
67
68
63
75
73
60
51
51
62
71
57
62
64
64
68
75
51
57
67
55
57
72
58
67
68
55
57
68
72
68
63
61
50
64
52
58
46
42
60
36
49
49
56
52
47
45
43
54
44
63
35
51
48
41
45
40
39
45
47
51
35
37
45
50
36
42
53
60
48
35
47
45
45
37
45
48
54
39
38
55
38
48
60
46
44
43
56
42
30
47
53
46
42
40
45
33
42
43
41
34
37
46
42
44
39
29
34
39
50
43
33
29
43
35
47
49
39
36
24
37
35
41
29
35
32
37
34
29
29
37
33
26
29
36
43
40
32
35
28
40
23
38
36
27
28
32
30
29
35
29
33
28
27
24
32
31
35
21
31
23
30
33
21
26
29
30
30
29
22
23
25
29
15
22
32
26
23
21
26
11
17
33
34
27
26
29
29
25
21
26
28
24
20
27
31
22
23
25
25
30
31
26
25
23
29
21
21
28
18
25
27
27
18
29
20
24
14
17
23
23
25
15
34
21
20
24
25
31
22
23
29
27
23
29
16
26
24
23
24
23
22
32
29
33
19
22
31
19
29
21
18
24
20
23
20
25
16
19
19
32
18
24
24
28
22
21
16
23
23
31
15
22
22
27
21
17
29
23
32
27
18
21
25
17
27
22
23
22
18
32
18
25
18
13
23
32
20
19
24
39
24
23
20
27
21
20
25
20
22
18
27
19
29
25
20
23
24
24
20
18
16
16
13
20
23
13
20
21
13
27
19
13
30
19
17
22
20
20
24
19
19
28
19
18
21
21
13
18
21
21
17
15
21
20
19
20
12
14
18
19
22
13
22
19
18
14
21
18
15
20
12
16
16
21
14
21
22
15
19
14
21
28
13
19
23
14
22
21
22
13
21
15
18
11
24
18
24
18
18
22
23
17
18
12
23
22
19
19
16
23
18
22
14
18
21
13
15
21
24
24
20
21
17
24
19
23
21
18
19
17
23
23
15
8
11
17
19
21
17
15
13
18
20
14
19
12
6
16
15
19
23
15
17
18
17
15
14
14
17
14
20
15
11
21
13
15
12
8
16
26
14
11
14
5
15
15
13
18
11
12
15
17
12
11
11
11
10
16
8
14
18
17
13
9
12
11
12
16
8
10
13
11
17
11
19
18
11
12
7
8
11
13
13
8
7
9
16
8
10
12
14
12
11
8
9
19
5
10
12
11
12
11
11
4
8
8
15
13
9
9
8
14
5
20
10
16
12
9
9
7
6
7
8
9
14
7
9
14
6
4
11
7
17
14
9
13
9
8
2
7
11
11
7
11
10
16
11
13
7
6
8
8
15
7
8
9
11
12
7
7
13
6
3
9
9
7
12
9
14
8
15
18
6
8
8
8
10
11
8
9
15
8
10
10
8
12
8
7
8
9
12
7
7
11
8
23
306
323
327
307
318
308
279
308
332
306
296
300
306
308
309
299
278
302
306
299
287
302
265
$ROI:
0
$PRESETS:
None
0
0
$ENER_FIT:
0.000000 0.000000
$MCA_CAL:
3
0.000000E+000 0.000000E+000 0.000000E+000 
$SHAPE_CAL:
3
0.000000E+000 0.000000E+000 0.000000E+000
