$SPEC_ID:
No sample description was entered.
$SPEC_REM:
DET# 1
DETDESC# MCB 337
AP# Maestro Version 6.06
$DATE_MEA:
10/7/2021 15:59
$MEAS_TIM:
293 294
$DATA:
0 1023
0
0
0
0
0
0
0
0
0
0
0
0
0
0
0
0
0
1
0
0
0
0
0
0
0
1
0
0
0
0
0
1
0
0
0
0
0
0
0
0
2
20
39
31
30
33
26
34
37
26
28
32
30
37
31
30
41
34
37
36
30
49
38
45
45
47
32
37
48
44
35
38
28
31
34
40
38
42
35
45
28
46
48
44
47
28
41
35
58
38
47
44
44
58
50
51
55
60
64
77
80
74
81
89
99
98
91
96
115
127
107
130
108
102
101
107
108
96
87
78
80
101
80
86
74
71
99
88
78
80
90
80
82
60
75
80
59
53
64
77
93
78
61
65
75
77
74
68
57
73
68
63
65
70
78
85
78
73
87
86
88
88
59
85
67
70
56
76
76
75
74
70
73
71
69
76
65
88
73
73
57
91
72
70
72
67
60
79
67
69
83
66
71
81
71
86
85
72
80
80
72
65
79
53
82
78
94
86
70
67
68
76
59
75
60
81
79
82
65
78
74
77
78
80
76
60
78
62
80
82
69
66
69
58
54
61
61
70
62
53
68
73
71
67
70
58
61
84
75
62
77
74
67
61
63
60
66
68
69
72
84
62
55
71
69
66
77
73
67
76
65
65
70
76
73
73
75
75
71
67
76
65
68
71
69
69
74
66
69
85
70
64
75
71
59
67
69
58
77
60
70
60
74
68
59
65
64
67
64
60
62
64
66
49
59
65
56
55
49
53
63
53
65
54
64
52
72
73
57
65
53
54
53
63
65
52
58
70
47
45
57
53
53
51
45
50
56
54
62
58
48
49
41
52
70
64
51
72
39
63
61
47
67
64
43
51
43
54
67
47
43
42
48
44
64
49
45
46
43
43
52
54
43
44
51
45
53
56
39
44
65
50
50
41
47
50
51
38
38
60
53
48
45
41
30
50
39
46
56
34
46
53
46
45
51
42
59
40
32
48
54
47
36
50
43
37
49
31
49
35
39
39
41
44
34
44
33
29
54
38
39
40
50
49
35
38
49
37
46
35
40
45
50
40
49
52
39
40
50
40
42
37
33
35
33
35
37
38
26
39
44
38
28
39
28
50
48
30
35
31
51
39
36
36
42
43
40
47
46
39
23
46
41
40
34
34
32
45
42
32
33
35
34
58
38
28
41
47
37
46
32
34
32
34
33
37
44
39
33
41
42
31
32
29
44
40
43
34
39
30
33
33
27
20
36
29
33
44
27
36
40
35
36
32
30
33
37
24
28
42
32
27
36
46
32
30
45
39
29
41
33
18
32
32
22
31
21
35
35
24
34
28
28
32
30
35
29
33
24
27
33
33
31
34
29
27
39
26
26
35
35
33
32
30
29
19
29
21
36
19
29
27
31
27
26
23
29
16
20
38
31
34
24
25
24
33
24
20
18
19
31
20
19
23
22
32
27
24
18
18
28
13
32
25
27
25
20
26
24
12
13
19
20
29
19
19
20
20
28
21
21
27
29
22
23
32
20
24
28
29
23
26
14
28
26
18
14
19
31
14
23
17
27
19
16
21
19
22
18
23
15
16
25
21
25
31
30
21
27
15
19
25
16
19
23
22
17
17
20
30
14
31
31
29
16
22
29
17
20
19
21
17
23
10
16
21
19
15
19
22
17
23
16
18
17
18
18
24
31
26
20
23
26
23
18
15
29
24
17
17
23
29
12
22
16
19
18
22
23
23
13
17
22
17
25
25
15
34
10
18
15
16
20
19
19
19
12
12
21
25
16
22
23
18
16
17
18
21
21
20
18
20
24
17
31
26
28
36
24
21
15
26
15
15
25
15
22
14
20
24
18
20
19
29
24
20
17
15
16
23
18
19
10
16
18
20
24
17
21
17
14
20
21
20
23
21
25
21
23
18
18
15
14
19
17
33
18
22
18
18
15
18
18
25
31
26
24
17
23
19
17
23
25
19
27
24
20
22
19
26
29
25
25
25
16
26
21
24
22
37
22
26
35
26
33
30
37
31
26
31
26
41
29
25
29
27
42
37
41
39
33
30
27
32
45
21
27
31
30
38
28
18
29
26
29
31
22
28
24
16
20
18
22
21
20
18
27
24
11
15
15
17
18
20
19
13
10
15
19
6
11
19
13
7
14
6
14
9
10
8
5
6
4
7
2
3
4
6
2
4
2
5
2
1
1
5
3
1
3
5
3
4
4
1
8
2
3
1
2
1
1
4
0
4
4
2
2
2
2
2
3
1
1
2
6
2
2
6
5
2
0
3
3
3
0
3
4
2
4
1
7
113
74
98
78
84
90
103
96
75
100
79
110
78
89
104
84
76
80
99
90
83
90
69
$ROI:
0
$PRESETS:
None
0
0
$ENER_FIT:
0.000000 0.000000
$MCA_CAL:
3
0.000000E+000 0.000000E+000 0.000000E+000 
$SHAPE_CAL:
3
0.000000E+000 0.000000E+000 0.000000E+000
