$SPEC_ID:
No sample description was entered.
$SPEC_REM:
DET# 1
DETDESC# MCB 337
AP# Maestro Version 6.06
$DATE_MEA:
10/21/2021 15:04
$MEAS_TIM:
180 181
$DATA:
0 1023
0
0
0
0
0
0
0
0
0
0
0
0
0
0
0
0
0
0
0
0
0
0
0
0
0
0
0
0
0
0
0
0
0
0
0
0
0
0
0
0
0
0
0
4
7
19
18
18
15
20
17
20
17
18
23
20
14
20
15
20
17
28
19
27
20
22
24
16
23
25
30
17
22
16
16
28
21
25
22
20
28
28
24
32
29
26
31
32
34
26
23
38
35
43
43
37
46
45
47
60
68
74
64
67
57
64
70
67
67
50
65
49
37
51
52
57
46
48
55
52
38
60
34
56
46
42
60
43
33
35
54
45
52
54
36
40
31
54
39
34
52
48
47
36
39
46
48
54
48
48
52
48
34
38
56
61
52
58
36
42
56
37
46
48
36
44
62
52
37
61
41
61
45
43
41
50
42
45
34
52
52
45
48
32
53
44
35
48
45
43
42
47
51
40
39
49
44
40
37
49
53
47
47
38
35
52
41
41
30
48
51
52
35
48
36
39
52
44
46
38
43
42
39
40
56
41
39
41
48
41
43
38
41
43
45
38
38
40
32
43
43
49
37
46
44
39
40
36
34
40
52
42
41
40
39
43
35
35
40
36
44
39
44
36
35
36
26
28
38
39
38
34
32
30
29
39
31
39
45
38
45
29
30
43
41
27
41
45
38
28
46
46
39
45
36
36
46
37
22
37
33
32
25
36
27
32
39
33
34
41
42
31
36
39
40
40
36
32
30
38
33
30
26
38
35
28
42
26
43
34
33
36
40
28
36
35
37
32
32
36
36
26
30
32
25
31
27
23
28
21
26
21
31
35
23
21
25
34
33
17
29
20
30
27
23
31
27
22
36
33
26
28
20
22
21
30
22
24
30
24
33
29
23
34
29
28
24
26
42
21
27
27
22
19
25
28
24
22
26
23
29
28
23
17
14
20
18
29
19
20
13
31
25
19
26
22
24
17
20
22
23
24
25
19
16
22
17
15
32
15
14
21
24
23
31
16
21
19
21
20
20
24
19
18
22
20
30
23
19
18
15
25
17
16
19
22
17
18
21
17
22
19
18
21
19
21
16
18
19
13
22
19
13
16
14
14
18
23
13
19
17
18
16
18
20
15
19
22
17
17
14
18
8
16
22
15
13
9
19
17
24
15
16
25
15
17
19
10
13
15
7
9
9
13
8
10
9
18
7
13
20
9
20
15
9
15
12
9
16
13
11
12
18
14
9
16
15
19
18
17
14
9
15
13
15
12
12
10
9
13
15
9
8
12
8
14
17
9
15
9
15
10
12
13
7
14
11
9
7
9
9
13
5
8
9
10
9
8
8
11
5
4
4
9
12
10
11
6
12
12
9
8
6
3
9
6
8
7
10
10
14
11
7
11
11
12
4
16
8
10
9
11
8
9
7
6
12
13
9
11
13
11
6
9
9
12
7
4
5
6
8
6
13
4
5
12
4
7
3
8
7
8
5
6
14
7
10
7
4
5
4
9
6
12
6
4
8
6
6
3
10
8
7
5
13
8
11
6
5
5
5
3
8
6
7
10
7
12
11
5
4
7
6
8
6
10
9
8
13
4
4
6
8
7
5
6
10
5
4
4
9
9
9
10
7
3
5
6
8
8
5
13
10
9
15
5
8
10
2
8
11
7
15
12
6
10
6
12
9
11
8
9
13
9
9
12
19
16
13
10
13
7
9
17
8
12
18
21
9
19
24
13
15
16
11
18
16
13
19
12
7
16
18
20
24
22
24
25
27
19
8
22
25
24
19
32
16
25
23
30
23
28
26
23
40
24
24
20
29
25
26
28
25
44
27
32
29
34
30
19
29
27
26
28
25
25
24
22
23
28
32
26
32
35
19
30
26
24
22
27
32
21
20
22
24
16
17
16
15
21
15
18
12
16
13
14
14
13
18
21
19
15
17
14
24
15
13
15
10
11
16
12
12
15
10
8
12
10
12
13
10
11
9
9
11
8
6
6
6
7
10
3
4
6
9
2
8
13
7
1
6
6
3
5
5
4
10
4
6
5
5
6
1
1
5
4
4
1
4
3
3
2
1
3
4
3
3
2
1
3
3
2
1
2
2
2
4
2
0
2
3
4
2
2
3
5
5
1
3
4
1
7
0
3
4
2
3
2
4
1
2
2
1
3
2
2
1
3
2
1
1
3
5
5
3
4
0
0
1
1
4
1
1
1
1
2
2
1
1
2
0
1
1
0
2
4
2
3
2
2
1
1
0
1
5
5
1
1
2
2
4
3
1
1
4
4
8
1
2
2
5
53
69
53
62
66
65
70
59
61
63
53
63
56
51
51
54
62
47
58
58
57
61
61
$ROI:
0
$PRESETS:
None
0
0
$ENER_FIT:
0.000000 0.000000
$MCA_CAL:
3
0.000000E+000 0.000000E+000 0.000000E+000 
$SHAPE_CAL:
3
0.000000E+000 0.000000E+000 0.000000E+000
