$SPEC_ID:
No sample description was entered.
$SPEC_REM:
DET# 1
DETDESC# MCB 337
AP# Maestro Version 6.06
$DATE_MEA:
10/7/2021 15:53
$MEAS_TIM:
196 197
$DATA:
0 1023
0
0
0
0
0
0
0
0
0
0
0
0
0
0
0
0
0
0
0
0
0
0
0
0
0
0
0
0
0
0
0
0
0
0
0
0
0
0
0
0
1
29
44
50
47
56
55
42
49
38
54
54
60
50
57
44
62
66
47
48
51
53
55
62
69
58
60
43
65
57
54
49
49
51
70
52
52
53
64
53
64
56
58
67
66
63
50
62
65
64
73
74
60
53
66
90
62
80
81
70
81
108
83
99
110
113
115
119
111
130
113
128
109
98
101
102
103
104
85
107
95
96
93
97
87
80
91
97
105
72
81
97
84
84
85
79
74
102
68
79
74
79
67
79
81
93
87
79
72
77
76
82
63
73
65
87
87
86
103
85
82
70
85
83
84
90
82
83
72
83
86
72
92
88
74
75
74
89
78
71
69
88
97
95
84
74
90
82
93
92
95
99
90
86
85
79
89
88
90
99
110
98
95
92
87
105
70
92
103
94
84
88
94
111
93
97
87
100
80
101
84
85
98
112
87
89
100
100
106
112
104
82
79
77
91
97
111
90
87
105
79
95
88
94
95
103
102
74
85
101
105
84
92
109
97
80
78
99
119
102
102
81
83
70
95
90
96
80
85
107
100
117
98
100
130
98
99
80
93
109
108
90
107
107
98
87
97
82
96
85
82
86
87
98
80
93
107
88
91
80
91
81
89
80
84
89
92
98
93
89
93
84
95
87
82
89
88
91
94
96
84
87
92
87
94
88
100
83
84
79
77
68
89
70
67
79
84
79
92
73
71
66
73
74
87
79
80
71
81
76
82
64
69
81
76
81
92
87
59
81
65
64
71
81
65
83
60
70
81
66
69
72
70
81
76
79
51
62
75
56
54
65
69
77
66
68
74
74
60
71
78
69
65
49
61
81
67
63
53
61
57
59
69
71
67
50
70
71
61
73
73
64
68
62
80
59
72
68
70
69
69
69
65
80
57
48
60
76
60
62
72
50
67
56
53
61
51
71
51
60
76
55
67
67
64
59
68
69
65
54
51
61
62
68
57
57
70
56
59
48
51
61
67
59
56
60
60
62
58
64
54
43
63
64
58
58
58
62
65
64
52
55
58
68
51
52
52
47
56
46
43
45
51
52
49
46
56
67
58
57
65
49
52
50
44
57
64
55
50
53
53
51
40
49
51
52
48
49
58
83
58
43
56
47
53
53
55
40
58
42
56
48
52
65
46
38
54
60
45
53
48
48
44
43
59
61
44
62
53
49
56
44
65
51
45
44
47
49
47
49
41
48
57
53
37
48
44
39
63
56
53
45
56
55
56
50
54
50
59
49
44
51
56
54
44
50
49
52
47
57
47
49
39
51
55
48
48
57
64
51
51
46
60
59
54
44
60
49
42
61
60
71
51
62
37
43
60
56
59
47
48
55
42
50
42
45
48
45
46
49
47
42
44
28
42
63
39
46
49
49
39
31
46
38
53
38
39
56
46
45
35
41
38
36
41
46
37
61
50
31
45
51
41
42
38
35
40
47
48
30
52
37
29
25
42
46
39
36
41
43
38
48
36
35
39
37
43
49
35
44
50
32
45
52
38
42
48
40
40
50
36
47
42
40
48
42
46
50
38
41
46
39
43
46
47
45
52
46
30
37
47
50
46
30
39
53
37
36
40
56
29
46
52
53
46
62
43
33
48
41
43
41
59
52
63
35
38
40
46
45
45
33
47
42
47
41
48
50
38
34
49
46
52
40
46
37
50
43
43
46
36
45
52
54
45
56
44
42
50
47
57
40
50
53
38
49
52
38
53
47
45
62
48
40
47
43
61
46
59
45
56
48
54
50
54
49
48
58
57
53
48
58
46
60
49
54
50
48
44
48
50
46
46
54
52
52
55
48
50
74
51
47
49
51
58
53
63
53
73
61
67
76
57
69
84
83
65
78
75
80
84
78
75
79
65
85
105
75
87
88
87
74
105
95
95
103
100
99
103
137
97
106
128
98
108
123
114
147
112
102
121
122
134
107
115
117
123
141
132
145
144
125
117
140
134
138
126
136
122
118
137
110
121
122
130
118
137
116
119
122
110
115
93
100
85
94
86
83
75
70
78
81
63
73
64
57
60
65
59
52
41
40
47
40
34
29
32
36
26
30
26
28
33
22
18
19
14
19
9
21
12
10
14
9
10
4
14
5
2
8
6
6
3
9
7
8
6
6
3
6
0
4
3
2
4
0
4
2
1
2
4
1
1
2
1
2
1
3
4
6
2
2
2
3
2
2
1
2
4
2
3
51
66
70
53
62
68
56
63
50
46
68
54
50
43
61
58
55
47
52
45
53
48
42
$ROI:
0
$PRESETS:
None
0
0
$ENER_FIT:
0.000000 0.000000
$MCA_CAL:
3
0.000000E+000 0.000000E+000 0.000000E+000 
$SHAPE_CAL:
3
0.000000E+000 0.000000E+000 0.000000E+000
