$SPEC_ID:
No sample description was entered.
$SPEC_REM:
DET# 1
DETDESC# MCB 337
AP# Maestro Version 6.06
$DATE_MEA:
10/7/2021 15:28
$MEAS_TIM:
308 309
$DATA:
0 1023
0
0
1
0
1
0
0
0
0
0
0
0
0
0
0
0
0
0
0
0
0
0
0
0
0
0
0
0
0
0
0
0
0
0
0
0
0
0
0
1
2
18
31
36
58
42
50
49
53
40
28
46
36
43
38
38
40
59
63
54
52
48
56
49
60
39
51
35
55
48
41
61
60
47
49
39
53
65
66
43
59
63
63
56
59
51
67
52
66
61
69
72
79
78
80
67
86
76
92
102
116
123
113
127
120
150
130
156
175
157
175
146
165
154
129
137
125
99
121
124
105
115
119
123
129
106
103
112
117
114
119
111
105
116
100
97
96
97
96
109
122
102
113
103
110
109
98
102
114
92
104
122
95
111
102
112
111
121
107
133
124
112
114
114
104
103
106
90
105
106
119
106
134
104
87
118
112
108
107
115
116
121
121
114
116
116
123
114
100
116
104
139
111
107
129
123
137
123
103
115
123
124
113
117
113
117
107
121
119
129
113
117
121
116
117
114
124
130
118
120
97
108
118
125
136
110
107
106
105
124
121
116
102
126
113
102
133
114
113
110
112
105
94
100
110
106
106
119
121
111
123
119
99
114
119
115
93
119
124
98
96
116
109
111
127
96
98
90
108
95
107
98
111
105
105
95
108
117
113
106
105
108
92
101
123
97
125
111
119
72
88
102
104
113
88
107
89
98
116
98
93
101
86
105
108
103
104
92
84
81
96
91
77
95
93
99
99
79
82
88
82
91
85
95
98
87
90
104
77
98
98
78
70
94
88
84
102
92
95
78
75
86
79
89
84
85
91
80
91
91
98
85
71
90
69
68
86
78
90
78
71
96
81
88
105
98
93
94
96
92
94
87
93
104
99
114
98
97
116
130
126
134
133
135
125
125
126
125
127
134
148
132
144
122
125
163
122
120
122
133
148
134
130
126
141
147
123
123
116
122
117
122
126
125
120
117
104
104
125
103
94
108
107
117
95
99
86
81
89
83
73
79
87
84
88
81
77
77
64
64
71
57
59
57
57
60
69
73
66
80
56
51
60
52
57
68
44
57
60
57
54
61
62
56
52
57
51
47
45
43
60
50
56
64
49
39
52
50
45
47
47
59
44
47
41
49
61
53
62
61
57
52
45
41
45
37
54
36
40
50
46
33
44
40
63
43
45
39
43
32
38
62
44
46
46
56
36
35
51
39
39
45
37
53
42
53
40
37
46
37
44
51
34
52
42
33
40
43
28
32
32
31
33
42
32
39
30
31
36
32
42
35
33
41
34
39
33
39
34
32
30
28
34
43
34
35
30
32
33
32
37
31
28
31
35
33
28
39
41
24
40
24
26
30
40
15
28
43
23
26
29
30
25
36
37
26
28
21
24
37
22
25
20
36
29
29
31
28
41
32
32
20
25
28
28
26
35
30
22
30
26
27
28
32
20
26
24
30
26
18
20
22
26
19
23
20
23
27
28
21
16
24
19
20
26
35
27
23
33
30
23
17
23
21
31
15
28
23
28
28
17
17
26
25
27
24
24
24
29
24
24
17
23
28
24
21
33
16
22
19
32
12
29
24
30
25
25
31
19
25
14
20
19
24
31
23
25
23
25
26
23
27
22
25
28
25
18
15
16
19
22
24
18
22
24
25
28
17
16
20
17
16
24
13
27
25
17
19
16
23
14
23
24
24
28
27
17
12
15
24
21
25
23
21
23
14
25
23
26
14
13
14
18
30
24
16
15
22
14
19
21
22
25
20
21
15
16
17
13
23
23
16
17
24
22
14
20
21
27
16
17
20
14
19
24
11
22
22
20
15
18
11
13
14
14
21
23
22
20
15
18
12
16
25
11
17
14
29
16
20
14
19
22
15
26
24
28
17
16
18
15
20
26
25
20
28
21
23
21
20
18
19
23
20
18
19
22
14
22
31
28
14
28
19
29
16
24
23
28
26
18
28
17
13
22
20
22
29
30
22
37
23
25
23
26
32
26
26
20
30
18
40
31
23
25
24
31
23
34
37
34
31
25
25
32
38
40
30
38
33
33
25
28
32
42
25
30
31
29
37
25
22
36
34
26
24
29
25
33
26
25
25
25
30
21
24
22
14
26
18
16
15
19
17
12
18
16
19
16
8
13
16
6
10
9
14
5
5
6
9
7
8
10
10
7
5
5
6
6
8
5
3
4
5
4
3
3
5
6
4
5
2
4
3
3
5
6
1
3
2
5
3
2
3
3
4
2
3
5
3
3
4
2
1
3
1
4
3
4
2
2
1
5
3
3
1
0
3
0
6
4
54
67
72
56
66
57
72
63
64
46
62
55
48
64
59
57
61
69
50
55
57
61
47
$ROI:
0
$PRESETS:
None
0
0
$ENER_FIT:
0.000000 0.000000
$MCA_CAL:
3
0.000000E+000 0.000000E+000 0.000000E+000 
$SHAPE_CAL:
3
0.000000E+000 0.000000E+000 0.000000E+000
