$SPEC_ID:
No sample description was entered.
$SPEC_REM:
DET# 1
DETDESC# MCB 337
AP# Maestro Version 6.06
$DATE_MEA:
10/19/2021 14:37
$MEAS_TIM:
1890 1890
$DATA:
0 1023
0
0
0
0
0
0
0
0
0
0
0
0
0
3
32
25
27
25
28
28
24
20
28
11
11
19
12
17
13
10
13
16
14
10
9
11
5
11
14
9
8
9
14
13
16
15
10
12
13
11
13
16
5
5
13
11
10
7
13
10
14
9
8
9
10
10
9
14
12
7
8
15
10
12
7
12
6
13
13
13
5
13
10
5
6
10
8
8
6
10
8
10
8
11
5
7
5
8
8
5
6
8
10
6
9
4
6
5
4
4
2
5
6
7
3
6
5
4
9
5
8
7
7
10
6
10
10
6
10
7
4
7
7
4
7
4
8
8
4
3
3
4
8
6
6
9
7
7
7
8
7
4
6
1
2
9
6
5
7
4
6
3
8
8
6
4
5
3
7
6
6
3
4
1
3
3
6
9
4
7
9
3
2
5
10
11
4
6
9
2
6
8
6
7
3
6
10
8
6
10
10
8
8
1
2
8
6
6
5
3
5
6
6
4
5
11
6
5
5
8
5
3
2
4
6
9
7
0
1
7
2
7
8
6
5
6
7
4
5
4
7
8
5
7
5
6
5
7
4
8
6
4
8
6
6
5
7
2
4
7
10
3
0
5
3
4
2
5
1
4
8
7
7
3
7
2
2
3
4
5
6
4
7
3
3
3
4
7
4
5
2
4
10
4
2
4
1
4
1
6
6
2
3
2
5
6
6
4
4
5
0
8
4
4
1
4
4
5
6
3
2
4
2
3
3
7
7
3
6
6
6
8
3
5
3
8
5
6
4
4
2
2
3
7
5
4
0
6
1
11
7
5
0
4
6
5
5
2
4
5
3
5
6
3
6
9
5
3
2
3
2
6
7
3
2
1
5
3
5
4
6
5
5
5
3
3
2
6
6
4
5
6
3
3
5
3
2
4
2
4
1
3
5
6
4
4
2
3
3
2
2
5
4
3
2
4
5
5
3
6
2
3
4
4
6
2
7
4
3
2
2
11
3
6
6
5
3
6
2
4
7
4
3
3
1
5
2
1
3
8
5
6
6
5
2
2
3
1
2
2
2
4
9
6
4
3
6
4
2
5
8
1
1
7
6
1
3
6
6
3
8
6
2
4
5
3
0
2
3
5
3
4
11
4
1
8
4
6
3
1
7
3
8
5
8
4
3
0
4
7
6
4
4
6
6
5
3
4
1
4
0
6
5
1
5
3
2
3
4
8
4
2
4
2
1
3
6
5
6
2
5
3
4
6
2
5
2
1
7
4
6
8
5
3
4
2
5
5
3
5
3
4
4
1
2
5
8
4
5
7
3
4
3
3
2
4
1
9
3
4
3
6
1
3
2
3
6
3
4
4
4
4
2
7
2
9
3
4
4
2
3
4
2
3
10
6
6
5
4
2
7
3
1
4
5
7
3
3
2
7
4
4
3
4
2
3
1
1
2
3
2
3
2
6
2
4
1
1
7
3
1
4
2
3
3
5
4
9
5
5
3
6
3
4
6
3
4
3
5
2
4
3
3
0
3
3
6
3
4
5
3
3
5
4
2
6
6
4
10
1
4
6
2
3
0
9
10
1
1
6
6
3
5
4
2
3
6
2
7
0
3
3
4
2
5
2
5
5
5
11
0
3
5
6
3
1
3
2
2
3
2
1
2
9
4
5
6
6
4
6
7
4
2
5
5
3
4
3
4
5
4
4
4
3
3
4
3
1
6
7
5
4
5
1
1
3
5
6
3
3
4
3
4
6
7
3
7
1
4
8
6
1
5
3
2
1
5
6
4
6
4
2
4
3
2
8
4
4
8
6
10
7
5
10
7
8
8
5
2
5
4
7
12
4
9
6
5
5
3
6
7
4
4
5
8
5
9
4
3
7
5
7
5
4
5
5
4
11
11
7
7
9
9
7
4
5
8
7
7
10
9
8
13
12
12
8
9
9
11
12
11
14
7
13
8
8
7
10
6
7
9
7
9
13
9
5
6
4
3
11
4
5
3
6
6
5
7
7
5
3
4
7
2
2
7
2
5
11
3
3
2
2
5
5
2
8
7
7
12
6
9
3
4
2
5
5
4
5
4
3
5
6
3
3
3
4
6
3
1
4
3
6
4
5
7
3
6
4
6
7
4
5
6
8
4
3
6
5
2
5
7
3
10
7
11
8
15
13
9
8
6
3
6
2
3
7
3
1
4
5
5
6
7
3
5
4
4
6
4
5
5
8
6
6
5
6
11
4
0
3
2
8
4
11
1
12
3
3
9
1
4
7
4
4
9
4
6
5
7
5
4
14
18
14
18
11
13
22
9
12
20
22
17
11
14
14
11
15
16
9
15
13
17
8
$ROI:
0
$PRESETS:
None
0
0
$ENER_FIT:
0.000000 0.000000
$MCA_CAL:
3
0.000000E+000 0.000000E+000 0.000000E+000 
$SHAPE_CAL:
3
0.000000E+000 0.000000E+000 0.000000E+000
