$SPEC_ID:
No sample description was entered.
$SPEC_REM:
DET# 1
DETDESC# MCB 337
AP# Maestro Version 6.06
$DATE_MEA:
10/19/2021 13:59
$MEAS_TIM:
360 360
$DATA:
0 1023
0
0
0
0
0
0
0
0
0
0
0
0
0
8
40
34
41
28
38
31
20
27
27
28
28
27
15
17
24
26
16
19
21
24
23
17
21
15
20
12
17
25
19
19
17
12
14
15
15
11
15
13
14
11
7
16
18
11
15
11
16
13
13
12
8
15
16
10
14
12
18
10
5
8
10
18
7
6
12
9
13
9
13
6
10
11
9
11
15
17
13
9
15
10
13
6
8
8
11
8
10
4
5
9
10
7
4
6
6
11
11
14
15
10
9
7
15
9
6
9
9
16
8
11
8
10
15
7
10
10
11
13
9
17
12
12
7
15
11
6
12
11
9
9
11
7
11
10
7
3
14
6
12
10
10
5
8
7
10
9
6
7
12
8
9
11
9
11
12
7
10
11
8
12
10
12
8
9
8
15
5
8
7
6
7
5
6
13
11
4
10
13
8
6
9
7
6
6
7
7
9
10
11
7
11
11
10
7
5
10
12
14
12
6
16
13
8
9
10
9
5
9
18
5
7
6
7
6
9
12
15
6
5
11
5
8
2
6
7
7
8
5
9
8
9
5
7
8
7
13
9
3
10
6
5
6
8
8
7
11
12
12
10
8
3
7
8
9
4
4
6
12
7
8
7
6
5
11
12
6
7
4
9
7
9
15
9
8
11
7
4
6
6
7
8
12
8
8
12
10
9
3
9
6
10
7
9
6
9
5
11
11
9
9
9
6
12
11
7
13
9
10
8
12
9
7
4
13
10
6
8
7
10
9
11
11
10
12
14
10
8
13
11
8
10
12
11
8
13
10
9
13
7
10
16
7
6
15
9
9
8
13
12
10
5
13
6
11
12
11
8
10
10
10
4
13
12
12
8
11
5
6
7
7
12
10
9
15
14
11
12
13
16
13
7
5
15
13
12
17
10
12
10
8
8
8
16
8
14
12
10
13
9
9
13
14
7
14
9
9
12
14
13
12
11
12
11
12
10
11
13
10
8
18
12
10
11
11
15
13
17
14
13
12
11
6
5
14
14
13
21
15
13
10
15
7
8
9
9
15
15
13
10
16
9
11
22
12
16
9
16
11
14
11
16
9
12
9
13
10
8
9
15
15
8
15
7
18
15
15
12
12
9
13
13
8
8
16
14
10
12
12
16
8
14
12
8
10
10
15
11
12
11
12
9
7
9
16
15
16
17
7
12
10
16
7
14
6
13
9
13
7
14
12
9
15
3
14
14
14
10
12
12
18
10
16
11
9
8
11
13
9
11
16
19
9
10
15
14
9
11
15
11
8
8
8
8
17
17
10
8
16
12
11
11
12
12
12
9
7
9
6
16
8
11
15
8
10
11
7
15
12
10
8
20
16
14
12
16
15
12
10
13
9
14
12
15
10
12
14
12
14
7
11
15
14
8
7
14
13
6
13
10
13
16
16
14
6
10
8
12
7
17
11
10
7
15
11
5
3
11
12
9
13
11
9
10
16
10
11
9
10
16
18
14
8
11
16
5
9
10
11
15
9
10
15
17
16
8
8
12
15
17
19
8
11
19
10
15
11
7
17
9
12
10
17
12
13
12
20
15
14
5
17
17
16
9
10
12
21
14
13
17
8
16
19
11
16
10
12
12
17
16
9
14
11
11
15
12
19
19
12
10
12
10
10
9
12
12
11
13
15
12
12
12
15
16
9
13
7
7
11
10
10
19
17
12
5
10
13
14
11
8
8
13
15
9
12
12
10
13
17
13
13
18
16
14
21
12
20
8
17
18
8
15
10
18
18
9
13
12
14
15
12
13
15
14
17
13
11
22
20
16
12
11
16
19
22
14
16
11
10
14
15
10
15
14
11
16
18
19
16
11
13
18
11
15
11
17
19
17
14
17
19
14
20
12
18
24
16
28
17
25
18
22
18
26
6
24
20
23
27
23
19
28
34
29
34
33
42
35
28
36
35
47
53
60
51
44
52
49
53
60
52
39
58
57
66
52
70
45
42
62
52
60
36
47
50
41
51
50
36
26
50
39
46
29
32
36
31
37
37
21
41
38
26
23
21
20
32
16
24
15
15
18
8
13
13
17
19
15
18
15
11
14
14
14
10
11
11
10
3
4
10
8
7
9
11
9
8
5
6
8
10
14
14
7
26
22
55
73
147
199
308
371
380
380
331
208
165
80
42
14
4
2
5
1
1
2
1
1
0
1
0
0
0
1
0
1
4
2
1
0
0
1
3
0
0
2
0
1
2
1
1
0
1
1
0
1
1
1
0
0
1
0
0
0
1
0
2
1
3
4
8
3
5
1
5
7
4
4
5
4
2
0
1
4
1
1
2
1
3
2
2
$ROI:
0
$PRESETS:
None
0
0
$ENER_FIT:
0.000000 0.000000
$MCA_CAL:
3
0.000000E+000 0.000000E+000 0.000000E+000 
$SHAPE_CAL:
3
0.000000E+000 0.000000E+000 0.000000E+000
