$SPEC_ID:
No sample description was entered.
$SPEC_REM:
DET# 1
DETDESC# MCB 337
AP# Maestro Version 6.06
$DATE_MEA:
10/28/2021 17:06:01
$MEAS_TIM:
950 950
$DATA:
0 1023
       0
       0
       0
       0
       0
       0
       0
       0
       0
       0
       0
       0
       0
       0
       0
       0
       0
       0
       0
       0
       0
       0
       0
       0
       0
       0
       0
       0
       0
       0
       0
       0
       0
       0
       0
       0
       0
       0
       0
       0
       0
       0
       0
       0
       5
       7
       4
       3
       7
       5
       6
       8
       6
       6
       6
       8
       8
       5
       2
       9
       5
       8
       4
       3
       8
       1
       7
       6
       7
       7
       7
       4
       7
       3
       5
      10
       9
       7
       7
       7
       6
       4
       5
       5
       2
       3
       8
       4
       6
       1
       5
       6
       6
       2
       6
       6
       5
       1
       5
       0
       4
       4
       1
       4
       5
       4
       3
       2
       3
       3
       4
       2
       1
       2
       6
       5
       3
       5
       2
       4
       4
       7
       3
       3
       7
       3
       3
       2
       3
       4
       6
       6
       7
       3
       4
       6
       5
       3
       1
       3
       5
       3
       1
       3
       4
       2
       1
       2
       2
       2
       1
       0
       4
       4
       6
       4
       1
       6
       3
       4
       2
       5
       5
       5
       4
       4
       6
       2
       7
       4
       3
       4
       3
       3
       5
       2
       5
       4
       4
       2
       5
       3
       4
       2
       3
       3
       2
       8
       3
       7
       5
       5
       7
       6
       5
      14
       8
       8
       8
       6
       6
       3
       4
       2
       4
       1
       2
       2
       3
       4
       2
       6
       6
       4
       2
       2
       3
       4
       3
       4
       3
       7
       2
       4
       5
       3
       0
       5
       1
       3
       2
       5
       4
       6
       4
       3
       3
       7
       3
       5
       4
       1
       1
       3
       3
       2
       3
       1
       1
       5
       2
       2
       2
       3
       3
       2
       3
       4
       1
       2
       3
       2
       4
       5
       4
       1
       2
       3
       2
       1
       2
       3
       3
       4
       3
       5
       4
       3
       0
       1
       3
       6
       1
       2
       4
       1
       1
       4
       4
       2
       4
       4
       4
       1
       4
       2
       2
       3
       4
       3
       3
       3
       0
       5
       5
       3
       3
       3
       3
       5
       3
       4
       2
       5
       6
       5
       6
       3
       2
       0
       1
       4
       4
       4
       2
       3
       3
       4
       2
       7
       3
       5
       4
       5
       1
       7
       3
       6
       4
       6
       3
       6
      10
       4
       7
      13
      23
      45
      69
     104
     116
     122
     138
      97
      68
      24
      12
       7
       3
       5
       0
       5
       3
       3
       2
       2
       5
       3
       5
       6
       5
       2
       1
       0
       2
       1
       5
       2
       4
       4
       4
       1
       2
       2
       3
       5
       2
       2
       2
       3
       8
       7
       7
      14
      33
      25
      51
      31
      26
      14
       6
       3
       8
       3
       8
      13
       4
       8
       0
       3
       3
       1
       1
       2
       6
       0
       2
       4
       4
       1
       1
       3
       4
       2
       3
       2
       1
       5
       0
       2
       4
       1
       3
       3
       4
       2
       2
       2
       3
       1
       0
       1
       2
       4
       2
       4
       4
       1
       0
       2
       5
       2
       0
       0
       1
       3
       2
       5
       2
       3
       2
       3
       2
       3
       3
       2
       0
       4
       5
       3
       2
       2
       0
       1
       1
       4
       5
       2
       2
       3
       3
       0
       1
       2
       1
       0
       2
       2
       2
       1
       2
       3
       1
       1
       3
       1
       0
       1
       2
       0
       3
       2
       0
       7
       3
       3
       3
       4
       3
       2
       0
       2
       2
       0
       3
       1
       1
       4
       1
       1
       1
       3
       1
       3
       0
       2
       0
       3
       2
       2
       2
       1
       3
       1
       4
       2
       3
       1
       4
       4
       4
       0
       2
       3
       3
       0
       0
       3
       3
       1
       1
       4
       1
       4
       2
       3
       2
       4
       3
       3
       4
       0
       2
       0
       2
       3
       2
       1
       0
       2
       2
       1
       2
       1
       4
       1
       2
       2
       0
       2
       2
       1
       1
       1
       4
       2
       3
       2
       1
       1
       3
       3
       3
       4
       2
       1
       3
       1
       2
       2
       0
       6
       2
       4
       4
       2
       3
       5
       1
       1
       1
       2
       2
       3
       0
       4
       4
       2
       2
       2
       4
       2
       4
       1
       1
       2
       5
       3
       1
       4
       1
       1
       3
       2
       3
       4
       1
       2
       1
       2
       4
       2
       3
       3
       5
       3
       2
       2
       2
       3
       5
       3
       2
       3
       3
       2
       1
       2
       3
       1
       1
       0
       1
       1
       3
       1
       3
       0
       1
       3
       2
       3
       0
       2
       1
       1
       2
       0
       1
       1
       2
       2
       4
       0
       1
       1
       2
       1
       0
       3
       5
       1
       4
       4
       2
       4
       2
       3
       2
       3
       0
       3
       2
       3
       4
       2
       2
       0
       2
       1
       0
       7
       3
       0
       5
       3
       1
       4
       2
       0
       2
       3
       4
       1
       6
       3
       5
       2
       2
       4
       1
       1
       4
       0
       1
       0
       2
       0
       3
       4
       3
       2
       2
       2
       2
       3
       0
       4
       2
       3
       3
       2
       5
       2
       0
       2
       3
       2
       2
       0
       4
       2
       2
       4
       0
       3
       1
       5
       2
       3
       2
       2
       1
       4
       2
       6
       3
       2
       4
       2
       1
       3
       1
       4
       2
       4
       2
       5
       2
       1
       1
       2
       3
       1
       2
       2
       3
       6
       3
       2
       2
       1
       3
       2
       3
       2
       3
       4
       2
       1
       1
       4
       1
       3
       2
       1
       0
       4
       1
       3
       2
       1
       1
       6
       4
       5
       4
       4
       3
       1
       1
       5
       2
       1
       6
       3
       4
       3
       5
       3
       5
       1
       4
       1
       5
       3
       4
       6
       4
       6
       0
       2
       1
       4
       1
       2
       1
       3
       0
       4
       2
       3
       2
       5
       1
       3
       3
       1
       4
       2
       2
       6
       2
       4
       4
       1
       2
       2
       2
       5
       5
       2
       3
       5
       3
       2
       3
       6
       1
       3
       6
       2
       3
       3
       4
       0
       0
       1
       2
       4
       3
       3
       4
       3
       5
       1
       2
       1
       2
       2
       2
       2
       5
       5
       5
       1
       2
       5
       3
       2
       1
       1
       4
       4
       1
       1
       1
       1
       2
       2
       4
       3
       4
       3
       4
       3
       4
       2
       3
       1
       4
       3
       1
       3
       3
       4
       6
      12
       6
       6
       3
       4
       2
       5
       2
       2
       4
       6
       2
       0
       3
       1
       4
       1
       4
       1
       1
       2
       1
       0
       1
       3
       3
       3
       4
       4
       3
       2
       2
       2
       2
       0
       3
       3
       0
       1
       2
       0
       5
       2
       3
       1
       4
       4
       4
       1
       2
       2
       5
       1
       4
      16
      11
      13
       5
       7
       9
       8
       6
      11
       8
       8
       5
       6
       9
       9
       9
       3
      11
      13
       5
       5
       8
       7
$ROI:
0
$PRESETS:
None
0
0
$ENER_FIT:
0.000000 0.000000
$MCA_CAL:
3
0.000000E+000 0.000000E+000 0.000000E+000 
$SHAPE_CAL:
3
0.000000E+000 0.000000E+000 0.000000E+000
