$SPEC_ID:
No sample description was entered.
$SPEC_REM:
DET# 1
DETDESC# MCB 337
AP# Maestro Version 6.06
$DATE_MEA:
10/26/2021 15:39
$MEAS_TIM:
2500 2500
$DATA:
0 1023
0
0
0
0
0
0
0
0
0
0
0
0
0
0
0
0
0
0
0
0
0
0
0
0
0
0
0
0
0
0
0
0
0
0
0
0
0
0
0
0
0
0
0
0
6
22
17
11
11
16
14
19
13
11
7
10
21
9
14
17
17
12
17
9
17
12
10
13
14
14
11
13
17
20
19
14
15
21
17
21
24
9
15
1
9
3
14
11
12
5
12
10
7
8
13
9
6
9
14
11
13
8
16
10
6
6
10
9
9
5
13
12
17
16
2
10
10
9
9
9
13
10
11
6
11
7
9
12
11
7
8
5
10
6
9
10
7
6
10
11
8
14
8
10
8
10
6
7
12
8
6
6
9
6
13
10
5
7
10
8
8
14
11
15
8
4
7
16
10
10
9
10
7
10
6
4
7
13
8
12
8
6
7
6
9
10
9
10
5
3
15
12
12
23
25
17
20
14
12
12
9
13
10
3
7
13
6
6
9
7
6
6
5
8
9
5
12
7
6
6
4
7
8
6
12
9
5
8
4
5
9
4
6
5
5
9
5
5
6
3
8
9
11
4
10
5
5
5
10
10
6
9
7
4
3
8
10
5
6
6
8
12
4
5
6
8
4
8
4
12
7
4
6
8
10
19
7
10
9
6
5
9
8
8
7
6
9
5
5
7
6
9
9
9
5
9
2
9
5
6
4
8
3
8
4
4
10
4
11
5
6
9
10
11
6
6
4
2
5
2
13
2
9
12
15
9
8
6
6
7
8
4
13
5
4
10
13
6
8
15
8
10
14
13
9
28
38
79
120
134
232
227
243
164
118
48
16
6
11
7
3
8
7
6
9
3
6
9
10
3
5
9
3
5
4
7
6
6
6
5
1
3
14
8
8
10
12
3
5
11
14
3
13
31
42
65
81
55
42
29
17
10
16
17
16
9
9
17
1
3
7
5
13
7
2
8
7
8
3
4
11
7
5
7
3
11
4
5
3
4
8
6
5
3
4
6
9
6
6
9
6
4
9
6
6
5
2
7
1
9
8
3
4
4
6
6
5
6
4
4
6
6
5
8
4
7
2
3
9
7
5
7
4
4
5
3
6
5
11
10
3
4
4
6
6
3
5
5
3
7
2
5
4
5
7
8
5
8
3
7
9
9
6
6
6
4
5
3
6
8
7
5
7
2
2
3
3
4
2
6
4
5
4
4
6
10
3
3
4
3
4
4
2
4
2
4
3
6
7
8
5
6
2
5
4
8
4
2
7
7
8
4
9
7
5
4
4
4
3
4
10
6
7
6
3
2
3
5
1
4
2
4
2
4
4
9
3
4
4
7
8
6
10
5
8
3
6
4
3
9
8
5
4
10
7
5
9
8
8
6
6
3
8
5
5
4
3
5
4
11
3
7
2
5
2
6
2
5
6
5
2
1
15
4
3
4
9
2
5
8
3
5
6
6
10
3
4
6
4
2
2
9
4
5
5
5
3
3
6
6
9
4
2
6
7
4
6
4
6
6
4
1
4
6
3
9
4
3
8
3
8
8
6
10
4
1
5
4
6
2
8
11
9
3
5
9
4
5
2
4
11
7
3
6
6
7
5
4
7
7
3
4
3
6
1
9
11
6
8
6
10
3
8
3
4
9
4
11
11
7
4
4
5
9
8
5
10
9
8
1
7
7
8
3
8
9
4
4
4
7
3
3
8
8
4
4
2
3
8
4
4
4
8
11
6
7
7
5
4
7
7
6
5
5
5
9
4
5
5
6
7
3
7
6
4
2
8
9
9
8
8
7
6
2
4
6
9
3
7
6
5
9
5
5
7
5
7
6
7
8
7
3
6
10
9
6
14
8
6
10
10
7
9
5
8
6
7
9
10
6
3
5
6
4
8
11
3
6
7
6
10
8
6
11
2
11
8
10
10
6
11
7
9
4
0
5
3
3
3
2
5
9
7
12
8
2
6
10
10
10
9
8
10
3
5
10
6
6
7
8
8
8
10
11
7
8
5
10
12
10
7
5
7
10
6
7
8
5
8
6
7
10
6
10
9
7
9
8
7
10
11
10
10
4
10
6
3
11
8
8
6
8
9
3
9
9
13
10
11
10
6
10
10
7
7
10
14
10
17
14
19
19
23
29
16
22
13
15
22
33
28
59
62
132
149
197
182
164
150
98
49
29
17
10
6
5
5
4
2
6
14
10
3
4
5
3
4
3
2
9
5
9
5
6
11
9
8
1
8
4
10
4
2
4
8
6
1
8
4
5
6
8
4
3
6
4
2
3
5
6
3
31
22
15
21
18
21
22
22
24
17
17
20
24
16
19
12
15
13
16
15
11
11
15
$ROI:
0
$PRESETS:
None
0
0
$ENER_FIT:
0.000000 0.000000
$MCA_CAL:
3
0.000000E+000 0.000000E+000 0.000000E+000 
$SHAPE_CAL:
3
0.000000E+000 0.000000E+000 0.000000E+000
