$SPEC_ID:
No sample description was entered.
$SPEC_REM:
DET# 1
DETDESC# MCB 337
AP# Maestro Version 6.06
$DATE_MEA:
10/7/2021 15:44
$MEAS_TIM:
160 161
$DATA:
0 1023
0
0
0
0
0
0
0
0
0
0
0
0
0
0
1
1
0
0
1
0
0
0
0
0
0
0
0
0
0
0
0
0
0
0
0
0
0
0
0
0
7
18
45
40
48
58
38
50
52
35
47
49
32
44
43
48
43
46
36
47
49
30
51
49
51
62
50
43
38
52
44
45
38
44
39
30
53
40
46
47
49
54
56
72
57
53
47
56
65
55
57
65
58
52
67
71
69
61
75
68
56
81
94
92
89
87
123
107
120
116
135
109
131
99
92
98
87
87
86
97
90
87
78
96
77
89
76
95
85
91
94
89
81
83
65
83
85
76
80
64
55
73
99
78
77
76
66
65
79
78
70
91
90
67
76
75
83
78
79
86
85
86
85
72
77
80
87
76
76
85
88
85
73
85
90
75
93
90
93
90
101
105
94
95
97
103
102
84
93
87
96
83
94
73
83
111
85
85
93
92
95
91
79
106
94
102
75
89
102
106
110
83
106
99
84
80
97
99
92
109
93
92
90
95
107
94
99
89
95
87
90
82
104
94
90
83
94
82
89
95
85
105
89
103
98
94
92
98
104
91
100
115
100
109
109
107
91
100
93
83
82
106
104
105
114
103
110
102
87
90
117
102
99
113
108
110
100
134
94
103
99
113
89
119
92
99
85
112
107
105
91
99
100
108
138
114
112
113
121
113
135
115
129
124
135
110
133
137
121
128
116
134
137
138
144
114
137
143
119
149
138
124
126
131
112
138
120
112
118
104
132
113
105
108
101
93
92
100
93
86
89
90
61
89
91
88
82
83
85
77
79
71
79
67
80
98
73
84
71
73
74
74
67
70
80
66
74
65
67
79
68
69
81
77
76
60
70
60
74
57
56
69
60
65
64
69
55
50
70
53
77
48
49
63
55
40
52
44
54
53
57
54
54
50
61
66
40
54
50
47
63
46
60
48
48
45
48
46
53
55
55
47
54
40
56
66
48
59
53
54
41
40
43
59
57
48
51
50
56
43
49
51
49
54
46
39
57
64
52
63
46
45
65
58
39
55
42
45
41
50
39
46
48
45
56
52
62
48
40
46
41
52
37
47
53
38
64
49
43
54
40
47
40
43
41
44
53
40
41
42
44
42
41
44
44
44
32
42
35
38
52
51
46
39
40
55
46
38
44
51
55
36
39
41
42
38
40
45
56
48
40
50
36
36
31
49
43
36
50
45
33
34
52
48
34
36
53
44
37
53
50
50
45
40
46
41
43
36
42
38
45
35
50
44
49
45
24
48
48
43
39
39
43
42
48
42
39
52
44
39
48
34
42
52
47
47
50
35
48
41
43
42
37
38
44
37
44
40
35
46
38
35
43
50
33
32
39
52
38
44
31
43
47
38
51
36
30
41
37
46
38
51
28
50
43
40
48
46
33
41
43
38
40
40
44
34
41
36
40
42
37
29
41
37
46
37
38
31
26
28
34
36
32
34
35
33
33
34
37
29
42
41
33
30
39
32
37
28
43
30
40
31
28
37
32
45
30
36
39
31
38
32
34
29
42
39
42
36
31
36
33
40
30
33
46
28
47
33
39
39
41
37
39
41
25
37
23
37
32
43
29
48
30
35
38
33
39
40
32
25
33
33
36
42
33
36
31
42
26
39
39
37
38
34
32
24
36
31
42
36
36
38
47
32
38
28
40
40
37
47
25
23
33
37
35
35
34
35
40
35
32
36
38
29
42
30
33
31
30
35
41
34
44
36
32
39
39
35
36
34
50
42
37
35
47
33
36
35
42
44
46
43
40
40
39
32
35
50
45
40
50
40
43
33
33
34
42
44
41
50
40
41
33
49
40
46
26
30
38
39
40
45
41
48
41
42
37
42
50
34
47
44
54
36
52
50
38
49
54
52
45
46
51
46
44
41
47
44
51
58
48
55
47
62
56
61
48
63
66
67
68
76
70
56
65
64
71
71
67
72
64
67
80
69
75
69
82
92
89
93
97
96
75
91
75
88
102
87
107
123
111
122
111
116
118
93
117
109
107
109
103
110
123
111
96
126
102
106
118
94
73
97
107
101
93
81
90
85
87
85
79
89
68
77
86
82
64
60
64
71
51
61
64
56
50
45
54
45
37
48
45
35
34
37
25
24
20
20
23
17
19
19
18
22
9
12
9
7
10
12
1
6
8
5
10
11
4
4
2
2
4
3
5
2
2
1
2
0
1
4
4
5
2
3
0
2
3
1
3
3
1
2
0
4
2
3
3
3
5
2
3
0
1
1
0
0
3
0
1
3
3
53
49
46
42
60
51
56
43
48
51
50
42
38
46
45
38
50
46
53
44
48
50
40
$ROI:
0
$PRESETS:
None
0
0
$ENER_FIT:
0.000000 0.000000
$MCA_CAL:
3
0.000000E+000 0.000000E+000 0.000000E+000 
$SHAPE_CAL:
3
0.000000E+000 0.000000E+000 0.000000E+000
