$SPEC_ID:
No sample description was entered.
$SPEC_REM:
DET# 1
DETDESC# MCB 337
AP# Maestro Version 6.06
$DATE_MEA:
10/21/2021 15:00
$MEAS_TIM:
183 183
$DATA:
0 1023
0
0
0
0
0
0
1
0
0
0
0
0
0
0
0
0
0
0
0
0
0
0
0
0
0
0
0
0
0
0
0
0
0
0
0
0
0
0
0
0
0
0
0
11
28
35
37
33
36
32
54
31
30
42
38
45
39
43
34
38
37
43
46
30
35
37
36
42
51
33
23
65
50
32
39
47
40
41
42
50
42
47
50
56
38
52
52
44
55
49
54
60
67
56
64
75
77
86
76
96
102
118
106
113
130
118
135
117
105
94
84
105
64
79
96
91
89
101
99
76
70
72
91
84
78
82
75
67
77
65
73
62
67
77
61
79
71
65
68
80
72
56
66
78
62
72
78
81
65
61
61
80
92
83
85
87
95
97
75
79
81
73
94
73
80
73
90
102
79
79
74
82
79
69
98
88
81
71
75
83
83
77
54
69
91
77
91
73
63
75
86
75
85
85
99
92
75
86
76
94
90
72
73
75
83
77
85
62
86
72
82
80
80
69
62
69
72
76
97
62
94
88
70
75
64
84
71
78
80
81
79
91
86
80
83
83
81
71
83
97
85
65
86
87
84
73
87
89
79
76
88
82
79
71
76
81
70
76
92
76
67
97
81
84
81
76
72
70
75
72
76
86
84
72
88
91
77
69
80
85
83
73
87
82
71
85
70
80
68
81
77
82
77
73
58
79
74
71
75
59
67
69
71
62
82
76
66
68
66
66
60
78
69
78
63
69
71
72
80
67
88
73
64
63
73
76
74
67
64
83
65
58
66
67
60
79
69
76
78
70
70
65
64
70
66
55
71
67
53
64
71
61
74
63
64
68
59
66
67
57
64
66
52
66
60
55
45
61
55
41
46
62
58
63
53
70
53
61
58
62
40
45
54
41
51
53
56
53
56
57
60
52
52
43
67
43
53
54
51
53
43
44
48
56
35
58
50
63
52
48
50
49
47
51
49
56
52
48
43
45
36
48
44
54
48
57
46
43
44
42
51
38
41
38
46
39
34
40
46
35
39
36
47
51
50
49
52
38
58
37
49
42
41
40
40
45
47
44
36
29
48
36
42
40
48
39
40
35
38
46
39
41
46
33
29
52
45
44
43
53
46
36
38
29
37
36
31
42
26
29
41
29
39
28
29
41
40
42
32
29
25
26
30
26
42
24
38
24
21
25
29
37
25
32
30
31
22
30
25
32
32
26
22
33
34
20
20
26
20
25
31
24
22
18
26
19
29
26
26
38
27
28
21
24
29
27
30
27
22
26
19
23
21
28
21
21
30
22
25
17
15
23
23
27
32
16
23
25
16
25
25
17
26
20
16
14
22
27
21
25
26
17
19
17
17
17
23
16
25
24
16
30
24
13
26
21
13
21
15
23
20
20
19
22
26
13
12
17
20
13
20
19
16
15
19
12
12
14
22
19
20
17
19
8
9
26
20
9
15
15
12
14
13
15
20
16
18
16
19
15
14
17
21
20
23
15
19
22
15
19
20
24
16
20
16
20
20
17
19
17
18
17
20
19
21
20
19
22
23
23
23
25
19
27
24
24
24
25
27
29
34
35
29
39
34
32
29
35
36
33
42
40
35
42
45
34
33
51
45
50
42
50
54
48
41
64
54
52
59
50
71
62
60
75
63
66
56
70
64
62
60
74
79
63
86
80
72
64
75
83
87
74
73
85
67
77
76
78
86
76
67
88
76
88
85
67
65
81
85
68
76
81
80
75
82
66
94
80
65
80
68
66
63
69
69
69
99
60
72
73
70
72
65
62
64
73
61
59
58
51
57
61
48
50
69
36
56
40
38
44
49
52
41
43
48
41
34
33
45
44
35
38
32
37
32
31
45
30
24
34
26
31
36
27
30
34
26
20
33
25
32
18
26
28
19
22
22
19
21
22
21
15
23
15
25
23
17
19
13
16
17
13
10
10
14
13
19
9
13
16
17
11
9
11
13
13
13
16
13
9
4
15
6
13
11
4
12
11
9
11
7
11
10
11
6
7
7
6
4
5
12
2
7
3
6
2
9
5
2
6
0
1
3
2
3
5
8
7
2
2
4
6
0
5
1
3
2
1
4
4
3
2
1
1
3
1
7
4
1
1
3
5
2
1
3
3
3
5
2
1
3
2
2
3
3
0
3
4
2
3
2
2
2
0
0
1
5
5
2
1
1
2
3
0
2
3
1
2
3
0
3
3
1
1
1
3
3
1
1
2
3
2
1
2
0
2
1
3
3
2
0
1
3
2
0
2
1
2
1
0
0
2
3
1
2
4
3
2
3
2
6
61
68
57
60
51
51
62
49
71
52
69
61
68
50
66
64
54
48
62
45
64
49
55
$ROI:
0
$PRESETS:
None
0
0
$ENER_FIT:
0.000000 0.000000
$MCA_CAL:
3
0.000000E+000 0.000000E+000 0.000000E+000 
$SHAPE_CAL:
3
0.000000E+000 0.000000E+000 0.000000E+000
