$SPEC_ID:
No sample description was entered.
$SPEC_REM:
DET# 1
DETDESC# MCB 337
AP# Maestro Version 6.06
$DATE_MEA:
10/7/2021 16:25
$MEAS_TIM:
346 365
$DATA:
0 1023
0
0
0
0
0
1
0
0
0
0
0
1
1
1
1
0
2
0
2
0
0
0
1
1
0
0
0
0
0
0
0
0
0
1
0
0
0
2
1
2
33
578
731
690
579
590
544
500
480
455
444
446
417
435
398
386
383
383
391
431
410
427
404
377
379
391
421
424
375
418
382
374
419
420
392
380
425
398
430
420
372
430
407
360
424
387
424
408
436
397
408
441
410
453
412
416
458
481
475
451
505
501
546
535
563
575
644
627
633
614
628
623
648
594
614
613
580
595
607
547
562
579
592
554
566
609
596
530
544
531
544
530
515
477
430
465
480
506
488
430
511
446
449
491
479
465
475
489
482
478
486
541
480
471
458
487
500
443
536
476
536
503
520
477
506
501
551
511
518
500
516
531
494
515
554
499
528
518
568
548
519
526
528
510
574
472
583
531
575
580
509
557
541
556
561
567
514
545
513
520
577
518
561
558
555
581
574
530
569
586
577
566
585
587
552
588
582
602
595
642
582
581
549
535
569
587
568
570
611
585
599
616
612
636
619
631
644
617
627
644
618
660
627
681
645
711
678
638
624
704
699
718
736
682
674
671
697
703
698
780
685
718
753
735
797
780
734
814
829
820
812
788
795
796
853
849
778
827
809
815
773
698
811
753
788
773
769
753
729
756
750
770
703
685
674
660
708
696
654
717
669
635
654
630
617
639
616
644
621
591
599
554
593
604
606
542
556
572
569
603
543
572
587
575
565
580
544
543
522
546
542
543
553
510
481
524
540
531
507
547
514
507
488
533
517
496
507
526
515
494
497
456
522
488
522
518
508
528
516
539
498
476
470
524
507
471
497
437
433
462
498
480
485
495
464
454
478
494
454
469
461
515
483
449
473
461
466
499
480
491
507
486
458
486
498
418
501
467
466
440
464
501
448
447
459
456
463
472
455
451
456
475
473
458
492
445
489
441
457
449
418
448
424
459
407
431
451
466
444
443
448
483
467
454
423
435
468
467
406
459
492
412
401
427
428
450
403
429
469
444
441
423
452
389
478
410
421
456
442
422
407
453
474
453
429
419
446
436
410
426
409
449
423
440
428
399
448
405
449
442
409
439
439
472
447
427
446
446
426
421
421
422
427
435
466
422
429
442
486
401
431
416
462
400
460
460
425
405
440
430
454
429
397
415
446
403
434
443
393
412
407
376
435
483
436
448
389
458
408
438
423
473
432
439
401
422
436
453
437
437
444
435
421
438
462
390
431
412
438
418
425
428
425
407
416
419
456
445
457
411
451
434
435
448
442
410
410
421
463
424
427
428
435
400
419
438
438
444
439
425
424
445
448
413
453
421
433
410
447
403
388
442
407
387
419
403
416
428
385
438
433
421
447
455
396
385
396
409
427
405
437
391
416
403
434
386
371
405
391
436
420
353
392
400
385
396
416
381
413
336
380
365
386
368
390
394
410
413
407
368
343
352
353
339
328
364
367
324
359
359
377
362
335
322
290
332
353
333
293
323
318
360
364
320
335
303
339
339
351
352
304
315
351
332
338
357
345
326
319
346
329
337
370
307
325
324
284
337
328
340
320
353
322
328
299
350
345
343
340
339
356
315
346
363
331
342
347
353
358
332
345
315
366
366
374
368
369
333
348
370
347
377
336
371
341
317
353
352
346
351
352
362
342
351
373
357
379
332
354
371
349
318
351
346
339
395
362
380
395
349
355
405
361
372
350
398
361
346
387
410
375
403
382
368
396
397
354
392
409
373
378
394
391
381
403
391
428
431
397
381
416
397
405
395
406
371
395
433
403
432
374
439
394
409
385
401
417
416
431
398
401
436
418
419
443
412
472
403
430
403
443
404
409
461
449
451
432
432
462
429
410
446
456
429
454
435
468
440
453
453
470
526
526
483
488
493
523
536
532
522
496
563
560
564
567
569
593
591
600
595
623
634
674
654
721
667
724
738
755
762
795
840
790
838
875
905
855
887
929
991
918
916
933
968
962
969
1078
1047
1036
1036
1008
1082
1124
1184
1107
1143
1127
1124
1202
1151
1233
1174
1233
1125
1133
1217
1103
1160
1166
1181
1146
1153
1103
1129
1092
1056
1005
1029
1086
926
924
935
951
828
848
793
824
776
770
775
711
712
680
622
550
589
533
516
495
433
431
412
419
321
397
356
321
269
299
263
256
224
198
227
194
173
169
142
150
149
132
115
103
74
76
76
54
54
64
68
49
43
45
38
32
30
22
41
30
21
19
16
16
15
13
11
15
19
10
17
8
9
8
8
7
12
5
10
4
7
6
4
8
3
5
5
3
8
5
6
10
90
91
75
99
89
84
83
81
96
77
90
72
66
82
84
77
72
86
84
94
92
75
73
$ROI:
0
$PRESETS:
None
0
0
$ENER_FIT:
0.000000 0.000000
$MCA_CAL:
3
0.000000E+000 0.000000E+000 0.000000E+000 
$SHAPE_CAL:
3
0.000000E+000 0.000000E+000 0.000000E+000
