$SPEC_ID:
No sample description was entered.
$SPEC_REM:
DET# 1
DETDESC# MCB 337
AP# Maestro Version 6.06
$DATE_MEA:
10/07/2021 15:48:35
$MEAS_TIM:
247 248
$DATA:
0 1023
       0
       0
       0
       0
       0
       0
       0
       0
       0
       0
       0
       0
       0
       0
       0
       0
       0
       0
       0
       0
       0
       0
       0
       0
       0
       0
       0
       0
       0
       0
       0
       0
       0
       0
       0
       0
       0
       0
       0
       0
       5
      27
      60
      57
      46
      52
      61
      58
      53
      70
      61
      63
      61
      69
      71
      66
      72
      68
      58
      79
      81
      65
      80
      57
      86
      76
      88
      71
      74
      76
      71
      64
      66
      74
      66
      84
      81
      58
      63
      73
      72
      77
      73
      70
      83
      70
      93
      85
      74
      77
      79
      92
      70
     101
     100
      90
      87
      88
     102
      96
     102
     109
     117
     135
     124
     133
     178
     134
     147
     160
     160
     137
     131
     146
     129
     125
     133
     123
     135
     140
     126
     112
     128
     118
     102
     122
     124
     111
     117
      95
     101
     114
     118
     104
     105
      84
     120
     104
      99
      84
      92
     109
      95
      95
      95
      95
     103
      95
      93
     100
      95
     116
     130
      89
     103
     109
      87
     108
     143
     117
     114
     114
      95
     102
     107
     125
      98
     106
     121
      99
     112
     108
     103
     108
     126
     110
      96
     115
      89
      94
     108
     107
     110
     109
     123
     119
     105
      89
     109
     130
     106
     123
     108
     124
     113
     113
     114
     112
     106
     137
     109
     113
     115
      95
     113
     104
     119
     120
     128
     113
      98
     112
     111
     114
      91
      98
     112
     140
     103
     106
     120
     102
     117
     118
     102
     114
     101
     124
     104
      96
     122
     100
     115
      99
     129
     109
     114
      95
     101
      92
     109
     122
     124
     130
     120
     108
     131
     126
     108
     100
     109
     120
     115
     126
     110
      98
     111
     130
     134
     109
     132
     135
     106
     122
     135
     125
     148
     120
     161
     117
     130
     121
     118
     138
      99
     141
     105
     118
     131
     125
     110
     120
     141
     134
     112
     119
     114
     113
     126
     124
     144
      97
     126
     121
     123
     101
     118
     122
     123
     121
     109
     107
     110
     130
     127
     121
     132
     105
     124
     113
     124
     120
     129
     121
     128
     106
     101
     105
     110
     123
      96
     120
     109
     112
     120
     129
     112
     125
     119
     109
     130
      97
     109
      91
      95
     119
     119
      92
     111
     104
     104
     106
     109
     112
     117
     114
     102
      94
     109
     108
      95
      89
      91
      93
     114
      83
     112
     102
      98
      72
      96
      75
     102
      91
      95
      88
      96
      93
      88
      69
      96
      81
      95
      85
      83
      88
      95
      93
      92
     107
      81
      86
      81
      97
      80
      93
      84
      90
      78
      94
      74
      88
      89
     103
      78
      85
      78
      96
      94
      81
      83
      95
      96
      79
      99
      81
      80
     100
      99
      76
      95
      72
      80
      93
      81
      92
      94
      85
      87
      67
      79
      90
     105
      70
      78
      99
      65
      73
      67
      62
      70
      66
      70
      68
      85
      86
      79
      77
      66
      69
      76
      74
      74
      89
      89
      84
      77
      67
      71
      80
      77
      73
      74
      70
      83
      77
      68
      66
      73
      59
      75
      70
      63
      71
      62
      73
      81
      64
      78
      76
      78
      71
      80
      61
      68
      64
      76
      68
      78
      86
      63
      76
      59
      83
      69
      70
      76
      78
      59
      63
      66
      58
      69
      78
      76
      70
      64
      62
      71
      60
      68
      70
      70
      56
      68
      64
      50
      70
      66
      76
      71
      60
      89
      54
      82
      68
      56
      67
      46
      77
      69
      84
      73
      66
      69
      71
      61
      70
      59
      67
      74
      79
      61
      60
      53
      67
      65
      57
      72
      73
      77
      67
      69
      63
      53
      65
      64
      63
      63
      64
      56
      59
      68
      69
      64
      72
      62
      65
      59
      69
      60
      67
      75
      78
      59
      56
      74
      66
      76
      50
      53
      63
      70
      73
      75
      74
      70
      67
      56
      60
      61
      65
      68
      60
      65
      73
      61
      56
      59
      65
      78
      66
      63
      67
      70
      68
      68
      61
      67
      68
      49
      71
      56
      74
      70
      64
      56
      53
      63
      58
      65
      62
      66
      65
      76
      60
      57
      75
      70
      66
      58
      52
      74
      56
      55
      65
      66
      64
      46
      54
      49
      49
      47
      49
      72
      47
      53
      53
      58
      60
      46
      62
      59
      46
      60
      57
      49
      74
      60
      46
      54
      49
      61
      44
      53
      56
      62
      51
      43
      61
      48
      46
      42
      53
      50
      55
      53
      56
      48
      58
      54
      45
      60
      45
      53
      42
      54
      62
      61
      51
      52
      43
      52
      45
      61
      48
      46
      51
      57
      34
      53
      43
      50
      40
      56
      58
      48
      44
      53
      50
      71
      62
      45
      53
      48
      58
      44
      61
      50
      48
      60
      57
      38
      44
      41
      51
      54
      58
      70
      46
      68
      58
      65
      53
      50
      55
      57
      41
      48
      51
      69
      64
      45
      68
      53
      51
      49
      52
      58
      64
      52
      56
      39
      63
      66
      41
      65
      46
      57
      48
      45
      52
      65
      40
      48
      56
      55
      70
      53
      62
      66
      64
      59
      63
      60
      53
      51
      55
      61
      57
      54
      57
      55
      48
      58
      55
      58
      55
      47
      62
      69
      62
      49
      52
      56
      65
      62
      50
      60
      53
      52
      66
      60
      62
      52
      74
      57
      53
      56
      61
      74
      68
      58
      39
      64
      67
      55
      76
      79
      70
      59
      68
      49
      72
      53
      57
      68
      62
      70
      67
      67
      74
      88
      79
      64
      75
      78
      60
      63
      71
      73
      64
      73
      77
      73
      62
      74
      75
      87
      68
      75
      72
      80
      72
      72
      82
      81
      77
      99
      88
     109
      91
      94
      99
      96
     107
      95
     105
     103
     111
     112
     107
     109
     102
     108
     117
     125
     133
     113
     133
     143
     123
     148
     124
     129
     141
     153
     146
     144
     155
     169
     170
     167
     133
     153
     173
     162
     174
     153
     162
     167
     146
     130
     154
     172
     178
     166
     156
     154
     166
     182
     152
     172
     170
     155
     151
     132
     149
     147
     152
     130
     128
     130
     132
     126
     111
     125
      94
     121
      94
      91
      77
      81
     104
      82
      75
      88
      58
      72
      73
      48
      52
      53
      42
      54
      43
      33
      36
      39
      40
      39
      23
      31
      24
      27
      17
      23
      20
      17
      17
      16
      12
       6
      12
      11
      17
      11
      13
       9
       7
      12
      10
      10
       3
       4
       4
       2
       5
       3
       3
       1
       3
       1
      10
       6
       1
       5
       5
       3
       2
       5
       4
       7
       3
       3
       4
       1
       2
       1
       1
       3
       2
       4
       2
       3
       1
       7
       4
       1
       3
      13
      71
      71
      69
      85
      80
      75
      72
      89
      58
      67
      72
      61
      84
      72
      65
      66
      79
      58
      60
      65
      83
      56
      55
$ROI:
0
$PRESETS:
None
0
0
$ENER_FIT:
0.000000 0.000000
$MCA_CAL:
3
0.000000E+000 0.000000E+000 0.000000E+000 
$SHAPE_CAL:
3
0.000000E+000 0.000000E+000 0.000000E+000
