$SPEC_ID:
No sample description was entered.
$SPEC_REM:
DET# 1
DETDESC# MCB 337
AP# Maestro Version 6.06
$DATE_MEA:
10/07/2021 15:19:28
$MEAS_TIM:
395 396
$DATA:
0 1023
       0
       0
       0
       0
       0
       0
       0
       0
       1
       0
       0
       0
       0
       0
       0
       0
       0
       0
       2
       0
       0
       0
       0
       0
       0
       0
       0
       1
       0
       1
       0
       1
       0
       0
       0
       0
       0
       0
       1
       0
       3
      24
      29
      34
      25
      38
      34
      33
      43
      35
      39
      29
      30
      37
      27
      24
      42
      44
      37
      35
      41
      45
      35
      42
      42
      52
      41
      34
      49
      28
      32
      48
      44
      49
      43
      59
      46
      30
      49
      44
      43
      55
      44
      54
      56
      70
      47
      61
      76
      62
      74
      58
      66
      68
      68
      47
      80
      83
      85
      82
     107
      81
     105
     102
     118
     118
     132
     109
     120
     149
     148
     141
     125
     146
     121
     113
      95
     103
     125
     109
     114
      94
     104
     101
     115
     104
     109
     116
     115
     104
      92
     129
     104
     103
      96
      98
     107
     100
      80
      88
     101
     107
     104
     105
     103
     106
     111
     102
     110
     101
      91
      98
     105
      90
      89
     131
      94
     114
     119
     102
     118
     109
      83
      86
      97
      87
     100
      89
      93
     104
      94
      87
     103
     102
      91
      85
      91
      90
     103
      98
      95
     107
     104
      87
     117
      85
     106
     104
      84
      91
     102
     109
     110
      84
      81
      94
      83
      90
      96
     101
      97
      90
      93
      81
      92
      94
      89
     108
      80
      88
     103
      84
     104
      98
      85
      82
      92
      93
      98
      76
      73
      87
      95
     101
      97
      94
      96
      87
      86
      76
      75
      85
      99
     102
      71
      94
      81
      85
      98
      85
     100
      69
      98
      89
      82
      74
      78
      87
      94
      75
      85
      84
      79
     102
      73
      81
      78
      89
      84
      81
      73
      97
      88
      84
      76
      78
      73
      85
      98
      90
      74
      76
      76
      86
      75
      82
      84
      92
      65
      63
      82
      90
      80
      83
      60
      76
      70
      75
      89
      63
      76
      74
      74
      61
      81
      70
      60
      84
      81
      84
      78
      78
      85
      65
      67
      78
      72
      77
      83
      64
      64
      78
      73
      75
      77
      84
      76
      79
      80
      73
      68
      86
      91
      74
      69
      68
      62
      76
      67
      78
      68
      64
      76
      69
      56
      61
      62
      66
      80
      68
      72
      51
      51
      64
      73
      68
      50
      64
      55
      78
      63
      56
      56
      62
      65
      51
      67
      65
      66
      49
      51
      53
      53
      59
      51
      52
      46
      62
      54
      59
      54
      53
      65
      56
      43
      54
      49
      57
      60
      58
      47
      54
      55
      60
      59
      62
      58
      62
      45
      61
      56
      53
      55
      48
      58
      60
      62
      40
      53
      43
      51
      55
      57
      48
      50
      42
      57
      59
      63
      40
      45
      55
      55
      59
      47
      46
      55
      58
      45
      38
      43
      40
      38
      53
      44
      47
      52
      36
      37
      45
      46
      51
      44
      48
      51
      31
      45
      46
      49
      53
      49
      44
      43
      43
      45
      41
      45
      48
      45
      40
      39
      46
      34
      40
      36
      46
      34
      37
      24
      40
      35
      38
      39
      32
      24
      43
      38
      38
      43
      32
      43
      34
      35
      43
      36
      31
      41
      38
      42
      40
      36
      34
      34
      40
      34
      34
      31
      34
      33
      31
      31
      39
      37
      36
      25
      42
      46
      47
      25
      34
      35
      33
      27
      34
      26
      43
      34
      46
      35
      28
      30
      26
      23
      33
      31
      32
      23
      30
      40
      39
      32
      37
      41
      42
      25
      36
      28
      24
      32
      34
      25
      35
      33
      39
      39
      23
      36
      30
      32
      30
      30
      31
      39
      31
      30
      35
      35
      35
      25
      28
      45
      35
      34
      36
      28
      38
      44
      35
      21
      26
      31
      30
      35
      27
      24
      30
      32
      24
      35
      28
      19
      31
      32
      22
      27
      34
      33
      25
      34
      35
      28
      30
      35
      23
      20
      20
      27
      30
      18
      21
      36
      27
      14
      18
      16
      19
      31
      34
      20
      23
      25
      19
      27
      19
      23
      26
      26
      23
      30
      24
      25
      23
      20
      18
      24
      23
      26
      26
      20
      26
      17
      25
      23
      27
      29
      25
      20
      28
      22
      24
      23
      22
      21
      14
      32
      27
      28
      25
      26
      27
      21
      27
      19
      26
      25
      35
      23
      27
      19
      25
      18
      37
      27
      34
      39
      21
      28
      29
      28
      25
      33
      25
      33
      33
      30
      24
      23
      27
      28
      32
      22
      24
      32
      26
      30
      27
      33
      34
      28
      43
      40
      34
      29
      42
      28
      35
      26
      28
      32
      30
      35
      33
      25
      32
      22
      29
      23
      40
      31
      37
      33
      25
      27
      27
      35
      20
      23
      30
      26
      23
      18
      20
      25
      29
      36
      34
      31
      33
      27
      31
      18
      20
      23
      23
      21
      21
      17
      23
      26
      26
      32
      18
      15
      29
      28
      23
      24
      18
      29
      22
      21
      20
      18
      21
      13
      17
      21
      17
      17
      17
      12
      11
      17
      10
      22
      17
      12
      14
      13
       9
      13
      12
      12
       8
       9
      12
      12
      15
      11
      15
      12
      11
      14
      14
       9
      15
      14
      16
      10
      17
      12
      13
      11
      10
      13
      14
      13
      10
      11
      12
      12
       7
      12
       9
       7
      11
      10
       9
      11
      12
       8
       9
       7
      11
      11
       8
      12
       9
       9
       7
      13
      18
       9
      10
       9
      13
      11
       8
       9
       8
       7
       6
       9
       8
      10
       6
       9
       9
       6
       7
       7
      13
       8
      10
       9
      10
      11
       5
      11
       5
       6
       8
      10
       6
       9
       4
      11
      13
      11
       9
       9
       7
       8
      13
       5
       6
       8
       4
       5
       8
      14
       7
       4
       8
       5
       9
       9
       5
      10
      10
       8
       5
       3
      12
       7
       4
       5
       3
       9
       8
       4
      12
       6
       6
       7
       5
       4
       6
       6
      12
       7
       7
       3
      13
       2
       4
       4
       8
       6
       9
       4
       4
       2
       5
       7
       4
       8
       4
       3
       5
      10
       9
       7
       6
       6
      15
       3
       7
       5
       5
       5
       9
       7
       3
       4
       4
       4
       6
       2
       3
       6
       4
       6
       9
       6
       8
       7
       3
       7
       5
       2
       9
       4
       3
       5
       3
       5
       7
       5
       1
       3
       4
       3
       4
       5
       1
       3
       4
       7
       5
       4
       6
       1
       3
       6
       6
       5
       5
       7
       3
       4
       8
       6
       4
       4
       3
       1
       1
       6
       3
       9
       4
       6
       2
       9
       4
       3
       6
       2
       1
       4
       6
       5
       5
       4
       3
       5
       3
       3
       6
      14
      75
      76
      89
      89
      76
      82
      90
      74
      78
      92
      75
      93
      85
      96
      89
      70
      85
      81
      78
      76
      77
      72
      59
$ROI:
0
$PRESETS:
None
0
0
$ENER_FIT:
0.000000 0.000000
$MCA_CAL:
3
0.000000E+000 0.000000E+000 0.000000E+000 
$SHAPE_CAL:
3
0.000000E+000 0.000000E+000 0.000000E+000
