$SPEC_ID:
No sample description was entered.
$SPEC_REM:
DET# 1
DETDESC# MCB 337
AP# Maestro Version 6.06
$DATE_MEA:
10/19/2021 15:09
$MEAS_TIM:
1350 1350
$DATA:
0 1023
0
0
0
0
0
0
0
0
0
0
0
0
0
4
17
20
20
21
12
14
11
14
21
10
19
16
12
10
11
10
13
16
14
11
9
8
8
8
12
4
9
11
5
8
7
8
7
4
2
6
8
8
9
7
6
5
9
9
4
7
6
8
4
8
3
4
8
8
6
3
10
7
10
7
6
8
5
7
4
2
1
4
7
3
5
3
10
4
5
3
5
5
5
7
7
3
8
10
5
6
10
8
7
12
1
5
2
6
5
5
2
4
6
4
3
5
2
3
4
10
6
1
2
5
5
6
4
5
3
7
6
4
4
2
3
8
4
7
8
2
5
8
6
4
1
5
5
3
6
5
1
8
6
3
1
3
6
0
0
7
3
2
3
3
4
2
5
8
3
6
3
5
5
5
5
4
3
4
9
6
4
7
3
3
2
5
3
6
2
2
4
6
8
6
5
3
2
4
4
3
2
4
3
2
7
4
2
4
0
1
5
4
3
3
7
3
3
3
2
5
2
4
4
6
2
8
0
3
3
3
1
2
7
9
1
4
1
5
3
2
2
3
4
2
4
2
6
7
1
4
4
6
2
2
3
5
2
2
4
2
1
4
5
5
2
7
2
0
4
4
5
3
4
5
3
9
6
3
3
5
3
6
2
1
2
3
5
0
2
1
3
3
1
2
1
1
3
7
4
0
6
5
2
6
2
3
4
1
4
1
1
1
4
2
2
6
4
6
4
2
0
6
4
3
3
2
1
3
1
3
1
7
1
8
9
6
11
3
5
2
1
5
2
2
3
1
1
6
1
4
1
1
6
5
2
4
2
2
2
3
1
2
5
4
3
7
4
4
5
1
3
7
6
3
2
1
0
1
3
2
5
1
0
3
2
3
2
4
3
8
3
4
4
3
7
1
3
7
2
2
4
7
3
1
4
3
1
5
0
1
4
2
1
1
2
3
1
4
2
1
2
4
3
3
3
3
7
0
4
3
6
4
6
4
4
2
2
7
3
1
6
0
2
3
5
3
1
3
6
3
5
4
2
4
2
2
2
1
2
4
1
3
3
4
2
4
3
4
4
2
3
5
0
3
2
1
2
5
0
1
8
3
2
6
2
4
6
0
1
3
0
3
3
3
1
1
4
5
0
4
3
0
2
3
4
2
8
2
4
4
2
3
3
2
3
3
3
5
0
5
3
4
7
6
0
5
3
3
2
1
6
3
0
3
4
2
5
1
5
6
2
2
7
0
0
3
4
4
1
3
5
2
2
3
4
4
2
3
1
1
4
1
2
3
1
5
7
3
6
5
2
2
3
4
1
4
3
4
2
5
4
0
4
0
3
5
4
5
3
2
6
3
2
1
1
2
2
4
2
3
5
3
6
4
0
3
5
4
6
2
7
1
1
2
3
3
4
1
4
7
3
2
0
4
2
3
4
1
1
4
2
5
1
2
5
5
1
3
1
1
2
2
4
5
4
8
8
4
2
6
2
3
5
5
0
4
2
1
3
5
4
4
0
1
2
4
5
3
1
3
1
3
5
2
3
5
4
3
2
3
3
1
2
11
2
3
6
5
0
3
1
0
5
3
1
3
4
1
3
4
3
2
2
5
1
0
7
9
4
5
4
6
3
5
4
4
4
4
7
3
2
1
4
3
4
4
4
3
4
6
5
4
6
5
4
5
4
6
5
4
1
1
6
2
3
7
3
4
3
5
3
2
6
8
6
9
4
5
4
3
5
3
7
1
11
2
4
5
5
6
7
7
9
6
10
9
8
3
11
13
9
11
4
9
9
10
5
6
9
13
11
8
9
12
10
18
6
9
22
16
24
18
15
23
18
11
11
21
26
9
21
16
14
15
16
15
10
7
6
6
10
5
7
6
11
7
11
7
9
9
4
6
3
5
10
7
10
7
1
5
8
4
4
7
7
6
6
5
4
7
1
2
4
3
4
3
3
6
1
3
6
4
2
4
1
5
3
4
4
2
3
4
5
7
1
1
5
3
5
5
3
2
1
3
3
3
5
7
3
7
2
4
3
4
2
3
4
4
3
8
1
1
3
3
0
4
3
2
6
1
2
2
3
1
3
2
2
3
3
2
4
0
5
4
4
6
3
1
3
3
7
0
4
1
4
5
6
4
1
3
2
5
7
3
7
9
4
7
1
5
2
1
7
5
3
5
3
1
3
6
3
4
1
4
4
4
2
7
2
8
2
2
2
1
1
1
4
5
0
0
1
5
1
5
3
0
2
1
4
6
2
2
2
3
4
1
4
2
1
4
5
15
6
14
14
12
16
13
17
12
11
12
9
9
6
8
9
8
10
10
1
4
4
6
$ROI:
0
$PRESETS:
None
0
0
$ENER_FIT:
0.000000 0.000000
$MCA_CAL:
3
0.000000E+000 0.000000E+000 0.000000E+000 
$SHAPE_CAL:
3
0.000000E+000 0.000000E+000 0.000000E+000
