$SPEC_ID:
No sample description was entered.
$SPEC_REM:
DET# 1
DETDESC# MCB 337
AP# Maestro Version 6.06
$DATE_MEA:
10/14/2021 14:54
$MEAS_TIM:
292 293
$DATA:
0 1023
0
0
0
0
0
0
0
0
0
0
0
0
0
10
40
34
41
41
50
35
37
30
33
19
41
31
24
37
24
28
25
20
26
21
29
22
26
33
31
30
29
27
22
13
23
28
21
31
30
30
19
22
27
31
29
25
18
19
21
23
22
21
34
55
63
69
54
45
18
21
10
19
13
15
18
15
20
18
17
10
19
19
18
21
23
29
15
9
17
16
13
18
15
15
25
17
24
23
28
22
19
13
23
21
15
26
33
26
26
35
28
46
40
42
36
31
26
18
25
22
17
38
39
49
70
115
88
52
37
33
20
13
18
12
21
14
17
15
15
15
13
15
16
15
19
14
15
15
11
16
18
10
17
10
15
15
22
24
13
18
13
12
18
15
22
18
7
17
20
22
16
28
28
36
27
24
24
20
13
18
12
22
14
14
20
15
21
20
33
20
19
16
10
16
9
13
13
11
14
14
9
10
16
18
10
13
14
16
19
15
23
22
21
24
19
41
41
77
130
175
287
395
395
284
143
59
16
12
10
14
12
10
12
13
7
14
9
19
11
14
9
18
5
11
10
17
12
14
18
19
26
37
41
33
29
33
29
32
32
32
25
45
33
35
58
87
144
156
247
215
213
149
144
76
65
57
76
94
184
314
536
668
768
584
415
185
139
87
61
31
18
12
14
24
16
29
18
16
19
18
13
9
13
12
11
8
11
11
12
17
16
10
10
19
14
15
18
21
30
32
29
22
18
20
19
21
44
78
146
234
221
229
145
86
59
73
54
63
87
73
82
72
58
45
31
16
13
15
13
12
14
27
33
18
21
19
15
9
7
10
13
8
6
10
5
4
6
8
9
13
7
9
7
6
10
10
8
14
15
9
11
19
12
11
11
10
9
8
13
19
9
14
10
18
12
11
11
17
12
17
10
12
11
11
15
17
18
17
8
22
18
16
17
34
49
84
144
238
256
240
167
69
40
16
4
11
5
3
9
6
10
9
2
6
13
12
8
6
3
9
13
6
9
6
3
7
10
7
7
8
5
6
9
7
6
5
2
6
10
8
10
13
12
3
6
9
11
9
10
5
9
6
10
7
4
8
8
7
6
11
4
7
7
6
4
6
8
7
11
12
8
9
5
5
10
9
6
7
10
7
6
11
4
6
4
10
9
7
17
8
9
10
14
12
11
7
8
10
7
12
14
3
10
14
15
15
13
22
26
17
8
9
7
8
4
10
4
8
11
11
9
13
8
2
4
9
8
7
14
11
8
7
5
7
4
8
6
11
14
11
8
11
12
12
7
11
9
9
6
10
6
10
9
4
6
9
10
12
11
12
12
10
5
9
7
7
5
13
10
10
14
6
12
4
6
5
6
9
5
6
9
10
6
11
11
10
3
9
13
11
10
12
16
10
11
13
12
9
7
14
12
10
11
8
12
4
12
14
8
9
3
13
11
11
11
11
9
10
13
5
12
14
11
15
16
9
12
8
16
12
18
15
9
11
5
13
11
11
12
17
17
17
16
12
11
12
13
16
14
14
12
9
17
15
18
16
15
15
10
13
13
13
11
19
17
11
15
20
21
21
25
19
18
12
10
18
16
18
5
6
15
14
13
13
12
12
11
13
14
16
13
19
12
12
21
12
17
15
16
6
11
14
13
16
15
21
19
13
21
23
14
23
13
13
18
18
18
24
17
22
17
19
24
16
20
18
19
16
13
14
20
21
25
22
23
24
18
17
16
29
19
15
25
24
27
25
20
37
24
43
36
44
45
39
44
38
34
33
42
41
22
39
30
38
40
40
65
74
57
57
56
36
42
41
32
39
42
31
46
45
27
39
35
33
31
34
36
47
48
42
36
41
34
37
53
39
32
42
38
56
36
41
57
49
43
36
51
52
45
31
35
37
39
46
39
42
45
42
37
45
56
48
62
39
44
45
46
40
39
52
46
34
36
40
51
47
47
51
58
34
38
46
50
55
40
40
50
42
37
43
46
52
57
45
35
58
39
53
48
53
53
47
46
61
54
48
36
49
44
46
50
52
47
56
54
53
67
63
43
64
50
57
53
57
53
49
53
46
51
49
59
47
63
51
48
50
55
55
45
50
52
49
49
50
53
72
55
50
64
50
48
77
64
51
59
64
89
99
169
282
557
1044
1730
2547
3315
3682
3404
2657
1899
1130
575
258
74
25
8
0
1
0
3
1
0
1
2
2
1
2
0
2
1
2
0
0
0
1
1
0
3
0
0
0
0
0
0
0
0
0
1
1
0
2
2
1
1
0
1
0
1
0
0
2
1
3
0
1
4
3
2
3
2
3
0
4
0
4
4
1
2
4
2
1
2
3
0
1
$ROI:
0
$PRESETS:
None
0
0
$ENER_FIT:
0.000000 0.000000
$MCA_CAL:
3
0.000000E+000 0.000000E+000 0.000000E+000 
$SHAPE_CAL:
3
0.000000E+000 0.000000E+000 0.000000E+000
