$SPEC_ID:
No sample description was entered.
$SPEC_REM:
DET# 1
DETDESC# MCB 337
AP# Maestro Version 6.06
$DATE_MEA:
10/28/2021 16:28
$MEAS_TIM:
2100 2100
$DATA:
0 1023
0
0
0
0
0
0
0
0
0
0
0
0
0
0
0
0
0
0
0
0
0
0
0
0
0
0
0
0
0
0
0
0
0
0
0
0
0
0
0
0
0
0
0
0
7
19
8
11
6
7
10
5
5
11
5
6
12
9
9
9
11
10
11
10
11
12
6
10
8
5
10
5
6
5
9
6
8
10
8
9
14
9
4
13
7
6
9
6
5
15
5
9
5
8
8
6
2
8
8
11
9
12
3
9
11
5
9
9
5
9
10
8
8
6
6
8
7
3
6
3
12
4
10
6
5
7
4
9
8
6
10
2
12
9
8
9
4
5
13
6
7
6
3
6
7
8
3
8
7
4
5
6
6
5
5
4
5
7
8
7
13
14
5
9
8
4
7
6
3
10
8
4
5
4
8
6
6
4
8
9
10
4
2
4
7
8
9
7
2
10
5
10
4
7
3
5
7
4
7
7
7
8
3
8
7
4
9
3
7
5
3
5
5
4
3
7
11
4
3
6
5
1
5
7
3
6
5
0
6
7
6
11
6
6
5
6
4
7
6
6
6
8
3
3
4
5
5
3
7
6
5
5
5
3
3
4
9
6
11
5
4
5
6
7
9
5
5
5
5
4
3
6
4
4
3
3
5
6
2
7
3
8
1
10
6
7
5
5
2
1
5
3
9
5
5
6
6
3
5
4
1
3
9
6
7
6
1
5
4
6
11
4
4
5
2
4
7
2
4
8
8
4
3
2
6
1
4
4
6
5
3
9
3
6
6
3
4
6
1
11
4
2
6
2
5
5
1
6
6
2
5
8
2
4
2
3
6
5
8
3
3
6
5
6
4
3
4
4
3
5
4
3
16
5
3
1
8
1
7
4
4
3
4
4
7
6
4
4
5
5
2
1
6
5
6
4
4
3
9
3
3
7
8
6
4
1
3
5
3
4
2
3
5
8
5
4
2
1
6
2
11
4
3
4
2
4
7
7
5
4
4
2
2
6
5
4
2
7
5
1
2
4
5
9
3
4
2
3
9
5
4
3
5
6
5
5
9
3
4
4
2
1
4
7
5
9
4
6
5
5
7
6
6
7
4
6
7
5
4
7
6
4
1
6
3
4
5
3
2
8
1
6
2
6
4
5
6
2
3
4
7
4
3
3
4
7
2
1
2
6
3
4
8
7
1
6
9
6
6
2
7
7
5
3
4
3
2
4
3
4
7
3
5
0
0
3
5
4
6
5
2
4
3
4
3
5
5
6
4
5
4
1
3
5
7
3
5
4
4
3
9
3
4
1
1
3
1
5
7
3
3
5
3
10
5
7
6
10
7
5
7
6
8
4
1
6
6
7
6
3
5
6
2
4
4
5
6
9
6
3
9
7
4
0
5
7
5
0
6
2
4
2
10
5
4
7
3
5
1
5
2
6
5
7
1
2
3
5
6
3
8
4
10
2
9
2
5
3
4
5
4
1
8
9
0
3
5
3
7
5
3
2
2
2
4
3
1
3
6
4
7
3
6
2
4
4
6
4
4
1
7
6
8
6
6
4
3
4
7
2
9
6
5
4
3
9
2
9
4
4
4
4
6
4
4
6
6
6
4
4
9
6
2
4
5
7
5
7
4
5
4
6
4
4
5
4
4
5
3
1
4
6
3
6
4
6
1
6
3
4
4
4
8
3
7
2
5
7
9
4
3
5
7
5
5
8
5
8
1
4
5
7
4
6
4
6
6
5
7
3
8
6
8
7
6
6
3
7
3
4
5
9
9
6
6
9
6
4
5
8
4
5
2
8
7
3
12
4
7
7
8
8
5
3
5
8
6
7
6
6
3
8
6
10
4
4
11
8
4
4
1
7
4
6
2
6
8
6
13
4
2
4
7
7
11
5
0
4
3
4
2
3
8
6
1
3
3
3
6
1
5
5
10
4
3
4
8
5
2
5
6
7
7
5
4
12
2
4
3
2
4
7
2
7
2
9
3
5
3
2
1
10
8
2
6
4
2
7
8
5
3
5
6
6
6
2
4
4
4
4
2
3
4
6
5
9
4
1
3
7
5
1
4
5
8
4
2
2
2
3
5
6
5
6
4
1
2
6
3
6
4
7
6
6
2
4
3
8
2
6
6
4
8
4
2
4
5
5
4
7
8
2
6
4
5
1
4
8
5
4
5
7
4
4
5
4
4
4
3
5
6
4
4
3
2
3
4
2
6
7
5
6
4
6
3
9
3
2
1
3
2
2
5
7
2
3
4
5
5
5
8
4
5
8
7
4
4
6
4
3
2
14
25
29
24
22
15
22
21
12
22
17
11
11
17
8
11
14
10
12
19
9
10
11
$ROI:
0
$PRESETS:
None
0
0
$ENER_FIT:
0.000000 0.000000
$MCA_CAL:
3
0.000000E+000 0.000000E+000 0.000000E+000 
$SHAPE_CAL:
3
0.000000E+000 0.000000E+000 0.000000E+000
