$SPEC_ID:
No sample description was entered.
$SPEC_REM:
DET# 1
DETDESC# MCB 337
AP# Maestro Version 6.06
$DATE_MEA:
10/28/2021 13:57
$MEAS_TIM:
2661 2661
$DATA:
0 1023
0
0
0
0
0
0
0
0
0
0
0
0
0
0
0
0
0
0
0
0
0
0
0
0
0
0
0
0
0
0
0
0
0
0
0
0
0
0
0
0
0
0
0
0
10
19
16
17
18
17
19
16
13
19
15
14
19
17
17
22
10
10
13
7
18
10
12
17
16
15
19
15
13
16
12
12
22
9
16
16
14
13
19
15
10
13
8
9
11
20
14
14
9
7
15
10
12
13
10
6
10
6
9
9
10
10
10
8
7
14
13
9
10
8
14
10
6
10
8
14
11
9
10
5
9
6
11
8
8
10
10
9
10
8
7
8
6
15
5
6
5
9
7
8
12
3
10
5
10
7
10
7
13
9
9
10
10
7
10
12
6
4
10
8
13
10
11
7
9
17
10
11
9
9
9
12
16
6
12
18
8
6
3
5
12
6
10
9
13
11
15
21
21
23
31
29
24
24
9
8
11
11
8
5
6
10
4
5
4
10
5
11
3
11
10
4
8
9
4
5
7
12
11
9
8
6
13
4
14
6
10
10
15
6
10
6
15
7
9
18
12
9
11
8
15
7
10
12
7
12
7
8
7
9
5
8
9
11
5
6
6
9
7
10
6
7
11
7
10
9
11
6
9
7
4
6
7
3
6
6
10
12
10
10
13
15
4
7
4
4
9
11
6
7
8
11
7
11
6
12
7
9
7
7
10
4
5
5
9
12
6
7
9
15
7
7
8
8
3
9
8
4
2
12
8
13
6
7
18
8
8
10
5
10
7
5
11
16
14
11
10
14
14
19
22
39
57
133
185
251
369
401
339
290
172
91
43
17
6
6
5
6
7
6
9
4
8
5
11
9
7
3
5
6
15
9
5
4
8
6
11
6
15
7
7
8
6
13
7
9
8
19
21
38
73
103
118
101
67
41
15
14
13
26
33
23
21
19
6
6
5
6
4
9
4
9
0
3
4
8
3
6
4
4
5
5
6
6
5
8
6
2
8
4
8
7
2
5
5
6
11
5
5
9
5
8
4
9
7
6
4
7
2
6
6
4
3
5
7
9
5
5
1
5
6
9
3
2
4
4
7
1
4
5
4
2
4
2
9
1
5
9
9
6
3
3
3
5
5
10
2
3
5
4
4
8
2
10
5
8
5
4
5
4
6
6
4
4
8
4
5
5
6
6
6
4
10
3
2
9
8
5
6
4
5
4
7
7
8
5
3
7
2
3
7
5
4
9
5
3
10
4
7
10
9
7
5
7
3
6
6
7
5
5
5
5
2
3
5
5
4
5
9
6
3
6
5
6
4
3
5
9
7
5
5
5
3
11
3
6
9
2
5
4
4
6
9
6
3
5
10
8
6
6
6
7
5
4
8
7
9
6
6
4
5
7
6
1
5
4
5
7
8
8
6
6
6
6
5
5
6
8
10
2
6
6
6
2
6
7
3
5
4
4
5
10
8
1
4
6
2
6
8
6
5
6
3
3
5
6
7
4
10
5
10
4
6
5
5
3
5
2
8
7
6
3
12
10
4
5
5
1
6
2
8
5
8
4
6
4
4
6
3
4
6
5
8
5
12
2
8
2
3
8
1
6
6
6
6
3
6
3
5
3
5
5
3
6
5
6
2
5
2
6
6
8
6
3
8
15
7
9
8
2
6
4
7
8
8
5
4
5
2
3
2
4
11
6
5
5
10
4
2
0
5
5
4
4
6
3
9
8
5
4
5
7
4
5
5
0
9
5
3
9
7
2
10
10
6
5
4
4
5
5
4
5
6
6
3
7
5
6
7
9
5
2
2
3
8
3
3
8
7
3
4
4
6
10
9
6
7
9
5
6
6
6
4
8
5
4
6
3
4
6
9
6
8
10
9
5
12
12
6
5
8
4
9
6
7
9
4
6
10
2
6
4
6
9
8
3
5
8
9
6
14
9
4
8
11
10
8
7
1
3
7
8
1
7
7
11
10
8
8
7
6
11
6
14
8
5
7
11
11
7
8
10
10
6
11
12
12
5
12
10
13
14
10
9
8
14
12
10
13
8
8
11
8
14
5
9
7
10
15
12
8
7
9
6
17
7
8
8
10
15
8
7
5
7
4
2
7
8
12
11
8
6
6
4
11
7
12
10
5
11
9
5
10
6
9
8
6
14
21
23
37
34
43
31
33
16
13
16
10
4
8
5
5
7
8
3
5
9
6
6
5
8
4
11
9
9
6
3
8
3
2
4
5
8
5
6
9
3
4
7
5
4
6
5
6
10
6
6
4
7
5
14
8
7
8
3
8
24
17
20
19
26
17
25
20
20
12
22
22
18
17
16
18
20
16
9
12
17
8
11
$ROI:
0
$PRESETS:
None
0
0
$ENER_FIT:
0.000000 0.000000
$MCA_CAL:
3
0.000000E+000 0.000000E+000 0.000000E+000 
$SHAPE_CAL:
3
0.000000E+000 0.000000E+000 0.000000E+000
