$SPEC_ID:
No sample description was entered.
$SPEC_REM:
DET# 1
DETDESC# MCB 337
AP# Maestro Version 6.06
$DATE_MEA:
10/07/2021 15:35:16
$MEAS_TIM:
411 412
$DATA:
0 1023
       0
       0
       0
       0
       0
       0
       0
       0
       0
       0
       0
       0
       0
       0
       0
       0
       0
       0
       0
       0
       0
       0
       0
       0
       0
       0
       0
       0
       0
       0
       0
       0
       0
       0
       0
       0
       0
       0
       0
       0
       2
      28
      31
      48
      49
      42
      51
      64
      55
      46
      41
      47
      54
      53
      43
      52
      45
      51
      61
      51
      56
      62
      55
      57
      66
      58
      55
      57
      54
      36
      47
      54
      57
      55
      62
      48
      60
      49
      62
      64
      53
      67
      67
      65
      76
      84
      64
      72
      82
      62
      63
      93
      83
      95
      85
      90
      89
      83
      93
     104
     122
     105
     142
     126
     156
     145
     154
     178
     178
     200
     163
     172
     141
     169
     164
     156
     145
     129
     122
     117
     117
     133
     123
     115
     102
     135
     132
     136
     100
     149
     115
     114
     123
     105
     118
     119
     113
     110
     112
     118
     106
     111
     124
     111
     136
     122
     118
     126
     108
     129
     115
      95
     114
      97
     116
     119
     127
     103
     113
     142
     129
     113
      96
     113
      96
     113
     108
     120
     119
     104
      91
      94
     132
      91
      98
      88
     104
     105
     103
     113
     107
     120
     117
      93
     118
      97
     120
      86
     109
     108
     113
      91
     114
      98
      93
     113
      94
      92
     112
     101
      93
     106
      92
      90
     116
     117
     113
     101
     116
     111
     102
     116
     102
     111
     115
     103
     125
     115
     112
     109
     113
     120
      95
      88
     105
     122
     106
     107
      95
     107
      96
      98
     101
      98
     115
     111
      82
     112
     101
     106
     101
     106
     114
     105
     114
     106
     101
      94
     107
      93
      92
     103
     102
     109
     124
      96
     114
     109
     101
      93
      88
      98
      94
      94
     117
     107
     131
      95
     114
     113
     118
      93
      98
     107
     108
      94
      93
     108
     103
      99
      99
      92
     113
      82
     107
     110
     100
      96
     107
     117
     102
      96
      87
      86
     100
     105
     109
     111
     113
     103
      91
     106
      90
      91
     102
      98
      78
      90
      92
      79
      97
      77
      90
      87
     107
      91
      98
      82
     105
      96
      88
      81
      96
      89
      87
      96
      98
      94
      88
      88
      94
      96
      80
      85
      98
      93
      84
      84
      82
      86
      84
      94
      88
      69
      96
      72
      92
      80
      76
      81
      81
      79
      71
      72
      75
      77
      76
      89
      76
      77
      68
      75
      99
      86
      66
      70
      67
      80
      59
      59
      77
      80
      80
      69
      73
      74
      66
      87
      73
      88
      57
      60
      76
      74
      81
      74
      83
      71
      80
      64
      62
      66
      63
      82
      63
      86
      74
      63
      71
      63
      72
      78
      89
      75
      71
      63
      69
      75
      68
      83
      93
      95
      59
      72
      64
      71
      67
      71
      76
      59
      84
      72
      73
      61
      54
      70
      75
      67
      71
      38
      67
      48
      68
      48
      62
      71
      57
      55
      52
      55
      73
      63
      46
      47
      56
      53
      59
      61
      66
      55
      52
      50
      59
      43
      60
      51
      57
      53
      57
      53
      53
      59
      48
      58
      44
      47
      53
      44
      58
      46
      53
      56
      57
      62
      51
      54
      57
      47
      55
      50
      47
      48
      47
      70
      52
      41
      44
      44
      50
      49
      54
      50
      53
      57
      51
      55
      55
      53
      53
      53
      63
      39
      44
      52
      56
      42
      57
      54
      57
      60
      54
      60
      52
      76
      46
      50
      59
      43
      57
      49
      53
      48
      37
      43
      44
      47
      68
      56
      50
      48
      48
      50
      48
      51
      44
      51
      38
      67
      53
      53
      54
      47
      47
      41
      51
      45
      43
      40
      41
      47
      40
      38
      50
      48
      47
      38
      50
      46
      44
      39
      44
      49
      43
      30
      54
      43
      49
      48
      40
      41
      43
      41
      51
      32
      41
      50
      54
      41
      30
      36
      39
      33
      31
      40
      37
      45
      39
      35
      44
      49
      33
      29
      37
      49
      45
      27
      48
      30
      42
      53
      39
      36
      50
      36
      34
      30
      30
      37
      48
      31
      42
      30
      45
      37
      28
      39
      41
      36
      33
      41
      30
      31
      34
      36
      27
      36
      34
      45
      30
      28
      29
      29
      34
      28
      32
      36
      37
      28
      39
      27
      35
      34
      40
      26
      29
      31
      33
      36
      45
      40
      39
      35
      33
      31
      28
      35
      26
      30
      34
      23
      28
      32
      27
      28
      38
      23
      24
      25
      33
      32
      31
      32
      27
      32
      35
      31
      41
      28
      29
      25
      38
      25
      31
      34
      27
      28
      20
      28
      27
      33
      24
      27
      28
      34
      28
      32
      40
      33
      24
      27
      24
      38
      34
      24
      28
      28
      30
      35
      27
      33
      36
      31
      20
      27
      30
      25
      31
      24
      35
      29
      26
      28
      31
      25
      25
      19
      32
      27
      22
      23
      31
      24
      39
      26
      28
      35
      27
      26
      20
      30
      29
      17
      17
      16
      25
      20
      36
      15
      29
      24
      28
      24
      30
      24
      22
      24
      26
      29
      31
      19
      25
      25
      27
      25
      36
      29
      28
      27
      23
      27
      28
      19
      21
      27
      21
      22
      25
      21
      30
      24
      19
      37
      38
      29
      22
      22
      28
      23
      30
      24
      25
      23
      32
      25
      35
      27
      21
      28
      25
      25
      26
      15
      27
      36
      30
      22
      33
      29
      31
      25
      30
      30
      19
      21
      23
      34
      27
      20
      21
      22
      21
      36
      18
      31
      16
      22
      20
      24
      21
      13
      21
      31
      40
      26
      19
      26
      36
      22
      27
      26
      25
      27
      29
      27
      27
      33
      28
      34
      29
      17
      33
      26
      25
      40
      35
      33
      28
      39
      22
      33
      33
      28
      34
      45
      43
      39
      34
      38
      37
      29
      40
      31
      44
      41
      37
      36
      32
      34
      48
      42
      43
      46
      51
      49
      35
      35
      40
      47
      55
      39
      37
      46
      48
      49
      40
      41
      39
      51
      37
      37
      42
      41
      38
      30
      40
      44
      39
      28
      33
      32
      31
      30
      36
      33
      40
      18
      42
      35
      26
      30
      24
      27
      27
      27
      21
      13
      13
      18
      20
      15
      14
      15
      15
      14
      17
       9
      14
      13
      12
       8
       9
       3
      10
      11
       7
      15
       4
       6
       9
       9
       6
       3
       5
       7
       5
      11
       6
       6
       4
       7
       8
       6
       8
       7
       3
       6
       5
       4
       2
       3
       5
       8
       3
       4
       2
       2
       3
       5
       8
       1
       6
       5
       6
       1
       3
       5
       5
       3
       3
       4
       3
       3
       3
       3
       6
       5
       4
       2
       4
       2
       7
     132
     161
     116
     121
     120
     128
     114
     102
     142
     101
     125
     118
     124
     125
     122
     132
     100
     118
     106
     123
     116
     111
     126
$ROI:
0
$PRESETS:
None
0
0
$ENER_FIT:
0.000000 0.000000
$MCA_CAL:
3
0.000000E+000 0.000000E+000 0.000000E+000 
$SHAPE_CAL:
3
0.000000E+000 0.000000E+000 0.000000E+000
